date,openrecovered,closerecovered,outstandingshares
2018-05-23,15.38,16.78,28630000.0
2018-05-24,18.46,18.46,28630000.0
2018-05-25,20.31,20.31,28630000.0
2018-05-28,22.34,22.34,28630000.0
2018-05-29,24.57,24.57,28630000.0
2018-05-30,27.03,27.03,28630000.0
2018-05-31,29.73,29.73,28630000.0
2018-06-01,32.7,32.7,28630000.0
2018-06-04,35.97,35.97,28630000.0
2018-06-05,39.57,39.57,28630000.0
2018-06-06,43.53,43.53,28630000.0
2018-06-07,47.88,47.88,28630000.0
2018-06-08,52.67,52.67,28630000.0
2018-06-11,57.94,57.94,28630000.0
2018-06-12,63.73,60.63,28630000.0
2018-06-13,57.53,61.6,28630000.0
2018-06-14,60.7,67.76,28630000.0
2018-06-15,70.0,60.98,28630000.0
2018-06-19,55.88,58.8,28630000.0
2018-06-20,58.29,61.1,28630000.0
2018-06-21,59.03,54.99,28630000.0
2018-06-22,51.11,50.96,28630000.0
2018-06-25,52.05,56.06,28630000.0
2018-06-26,55.0,61.67,28630000.0
2018-06-27,67.84,67.84,28630000.0
2018-06-28,74.48,74.62,28630000.0
2018-06-29,77.01,82.08,28630000.0
2018-07-02,90.29,90.29,28630000.0
2018-07-03,99.32,92.57,28630000.0
2018-07-04,99.76,83.31,28630000.0
2018-07-05,77.0,79.0,28630000.0
2018-07-06,77.0,73.0,28630000.0
2018-07-09,73.86,75.15,28630000.0
2018-07-10,75.8,76.47,28630000.0
2018-07-11,74.0,77.09,28630000.0
2018-07-12,76.01,76.55,28630000.0
2018-07-13,74.35,74.0,28630000.0
2018-07-16,71.53,69.15,28630000.0
2018-07-17,70.4,76.07,28630000.0
2018-07-18,77.0,71.14,28630000.0
2018-07-19,72.21,69.04,28630000.0
2018-07-20,67.27,68.25,28630000.0
2018-07-23,67.89,66.55,28630000.0
2018-07-24,66.2,67.5,28630000.0
2018-07-25,67.98,65.54,28630000.0
2018-07-26,64.8,64.49,28630000.0
2018-07-27,64.97,65.34,28630000.0
2018-07-30,65.56,63.28,28630000.0
2018-07-31,63.280011200000004,61.10726398,28630000.0
2018-08-01,61.577859,59.865694139999995,28630000.0
2018-08-02,59.6253903,60.81689684,28630000.0
2018-08-03,61.4777324,60.26620054,28630000.0
2018-08-06,58.073428,54.23857922,28630000.0
2018-08-07,54.55898434,56.23109856,28630000.0
2018-08-08,59.575327,57.74301022,28630000.0
2018-08-09,53.27736386,58.00333938,28630000.0
2018-08-10,57.30245317999999,58.08344066,28630000.0
2018-08-13,56.541491019999995,59.89573212,28630000.0
2018-08-14,59.575327,60.9770994,28630000.0
2018-08-15,59.09471932,55.920706100000004,28630000.0
2018-08-16,54.078376659999996,54.05835134,28630000.0
2018-08-17,54.79928818,54.29865518,28630000.0
2018-08-20,54.088389320000005,54.45885774,28630000.0
2018-08-21,53.9682374,54.39878178,28630000.0
2018-08-22,54.158477940000004,51.4150091,28630000.0
2018-08-23,51.95569274,52.4162751,28630000.0
2018-08-24,52.2660852,51.69536358,28630000.0
2018-08-27,51.89561678,53.147199279999995,28630000.0
2018-08-28,53.90816144,53.39751578,28630000.0
2018-08-29,53.067098,52.08585732,28630000.0
2018-08-30,52.2660852,52.10588264,28630000.0
2018-08-31,51.54517368,48.89181878,28630000.0
2018-09-03,48.9118441,48.6615276,28630000.0
2018-09-04,49.082059320000006,49.2122239,28630000.0
2018-09-05,50.043274679999996,48.73161622,28630000.0
2018-09-06,47.83047682,50.0132367,28630000.0
2018-09-07,50.563933,49.0119707,28630000.0
2018-09-10,48.561401,49.03199602,28630000.0
2018-09-11,49.1621606,49.913110100000004,28630000.0
2018-09-12,50.0633,50.764186200000005,28630000.0
2018-09-13,51.6152623,50.0132367,28630000.0
2018-09-14,52.04580668,46.14834994,28630000.0
2018-09-17,44.29600784,42.59385564,28630000.0
2018-09-18,42.4536784,43.555071,28630000.0
2018-09-19,43.57509632,43.78536218,28630000.0
2018-09-20,43.91552676,44.35608379999999,28630000.0
2018-09-21,44.37610912,44.47623572,28630000.0
2018-09-25,44.35608379999999,45.1070333,28630000.0
2018-09-26,45.93808408,45.3072865,28630000.0
2018-09-27,44.055704,40.78156418,28630000.0
2018-09-28,40.9017161,42.1532986,28630000.0
2018-10-08,41.051906,40.8516528,28630000.0
2018-10-09,41.39233644,42.29347584,28630000.0
2018-10-10,42.764070860000004,44.055704,28630000.0
2018-10-11,42.08320998,39.88042478,28630000.0
2018-10-12,39.88042478,40.38105778,28630000.0
2018-10-15,40.05064,44.41615976,28630000.0
2018-10-16,45.05697,44.9067801,28630000.0
2018-10-17,44.255957200000005,44.856716799999994,28630000.0
2018-10-18,43.555071,41.11198196,28630000.0
2018-10-19,39.87041212,41.8529188,28630000.0
2018-10-22,42.19334924,44.17585592,28630000.0
2018-10-23,43.8554508,44.9568434,28630000.0
2018-10-24,44.556337,43.71527355999999,28630000.0
2018-10-25,40.551273,40.8516528,28630000.0
2018-10-26,41.31223516,40.09069064,28630000.0
2018-10-29,39.17953858,38.748994200000006,28630000.0
2018-10-30,38.889171440000005,39.8003235,28630000.0
2018-10-31,39.650133600000004,40.210842559999996,28630000.0
2018-11-01,40.14075394,39.650133600000004,28630000.0
2018-11-02,40.210842559999996,41.24214654,28630000.0
2018-11-05,42.4536784,40.8015895,28630000.0
2018-11-06,40.150766600000004,40.02060202,28630000.0
2018-11-07,39.550007,39.349753799999995,28630000.0
2018-11-08,39.69018424,38.60881696,28630000.0
2018-11-09,38.72896888,39.23961454,28630000.0
2018-11-12,38.348487799999994,40.6013363,28630000.0
2018-11-13,39.94050074,40.74151354,28630000.0
2018-11-14,41.04189334,41.482450379999996,28630000.0
2018-11-15,42.073197320000006,43.02440002,28630000.0
2018-11-16,42.7540582,42.13327328,28630000.0
2018-11-19,42.143285940000005,42.39360244,28630000.0
2018-11-20,41.56255166,41.81286816,28630000.0
2018-11-21,41.642652940000005,42.19334924,28630000.0
2018-11-22,42.6539316,41.38232378,28630000.0
2018-11-23,41.61261496,39.049374,28630000.0
2018-11-26,38.16825992,36.6463356,28630000.0
2018-11-27,36.966740720000004,36.47612038,28630000.0
2018-11-28,36.42605708,36.90666476,28630000.0
2018-11-29,36.90666476,34.543677,28630000.0
2018-11-30,34.2432972,34.633790940000004,28630000.0
2018-12-03,35.494879700000006,36.025550679999995,28630000.0
2018-12-04,36.025550679999995,36.50615836,28630000.0
2018-12-05,35.595006299999994,35.27460118,28630000.0
2018-12-06,35.1944999,34.58372764,28630000.0
2018-12-07,34.58372764,34.8440568,28630000.0
2018-12-10,34.854069460000005,33.90286676,28630000.0
2018-12-11,33.8928541,34.46357572,28630000.0
2018-12-12,34.81401882,35.82529748,28630000.0
2018-12-13,35.544942999999996,35.53493034,28630000.0
2018-12-14,35.564968320000006,35.27460118,28630000.0
2018-12-17,36.546209,36.92669008,28630000.0
2018-12-18,36.36598112,35.78524684,28630000.0
2018-12-19,35.544942999999996,34.763955519999996,28630000.0
2018-12-20,34.563702320000004,35.30463916,28630000.0
2018-12-21,35.03429734,35.97548738,28630000.0
2018-12-24,36.03556334,37.046842,28630000.0
2018-12-25,36.41604442,36.56623432,28630000.0
2018-12-26,36.7965255,37.18701924,28630000.0
2018-12-27,37.71769022,38.03809534,28630000.0
2018-12-28,38.048108,36.255841860000004,28630000.0
2019-01-02,36.255841860000004,34.924158080000005,28630000.0
2019-01-03,34.8440568,33.32213248,28630000.0
2019-01-04,32.841524799999995,33.9429174,28630000.0
2019-01-07,34.2432972,34.60375296,28630000.0
2019-01-08,34.193233899999996,34.16319592,28630000.0
2019-01-09,35.164461919999994,34.18322124,28630000.0
2019-01-10,34.36344912,33.622512279999995,28630000.0
2019-01-11,33.642537600000004,35.564968320000006,28630000.0
2019-01-14,35.2946265,34.61376562,28630000.0
2019-01-15,35.04431,35.1444366,28630000.0
2019-01-16,36.2458292,38.65888026,28630000.0
2019-01-17,39.10944996,37.65761426,28630000.0
2019-01-18,36.045576,37.016804019999995,28630000.0
2019-01-21,37.56750032,36.7965255,28630000.0
2019-01-22,36.67637358,38.48866504,28630000.0
2019-01-23,38.048108,39.780298179999996,28630000.0
2019-01-24,39.349753799999995,38.80907016,28630000.0
2019-01-25,38.71895622,36.91667742,28630000.0
2019-01-28,37.177006580000004,36.966740720000004,28630000.0
2019-01-29,36.75647486,34.32339848,28630000.0
2019-01-30,33.782714840000004,32.881575440000006,28630000.0
2019-01-31,33.041778,30.94913206,28630000.0
2019-02-01,31.26953718,31.529866339999998,28630000.0
2019-02-11,31.599954959999998,32.68132224,28630000.0
2019-02-12,32.67130958,33.52238568,28630000.0
2019-02-13,33.542411,33.9429174,28630000.0
2019-02-14,33.712626220000004,34.03303134,28630000.0
2019-02-15,34.03303134,33.96294272,28630000.0
2019-02-18,34.23328454,35.22453788,28630000.0
2019-02-19,35.2445632,35.00425936,28630000.0
2019-02-20,35.15444926,35.30463916,28630000.0
2019-02-21,35.31465182,34.7939935,28630000.0
2019-02-22,34.6438036,35.76522152,28630000.0
2019-02-25,36.3459558,37.307171159999996,28630000.0
2019-02-26,37.1469686,37.4974117,28630000.0
2019-02-27,37.63758894,37.06686732,28630000.0
2019-02-28,36.76648752,38.248361200000005,28630000.0
2019-03-01,38.35850046,38.25837386,28630000.0
2019-03-04,38.2984245,38.4486144,28630000.0
2019-03-05,38.4486144,39.21958922,28630000.0
2019-03-06,38.78904484,39.720222220000004,28630000.0
2019-03-07,39.710209559999996,40.92174142,28630000.0
2019-03-08,39.489931039999995,37.166993919999996,28630000.0
2019-03-11,37.55748766,38.71895622,28630000.0
2019-03-12,39.489931039999995,39.52998168,28630000.0
2019-03-13,39.53999434,40.060652659999995,28630000.0
2019-03-14,39.30970316,37.84785479999999,28630000.0
2019-03-15,37.9980447,38.21832322,28630000.0
2019-03-18,39.00932336,39.489931039999995,28630000.0
2019-03-19,39.08942464,38.96927272,28630000.0
2019-03-20,38.85913346,38.05812066,28630000.0
2019-03-21,38.1482346,38.50869036,28630000.0
2019-03-22,38.348487799999994,38.06813332,28630000.0
2019-03-25,37.11693062,37.12694328,28630000.0
2019-03-26,37.22706988,35.97548738,28630000.0
2019-03-27,36.6463356,36.045576,28630000.0
2019-03-28,36.095639299999995,35.01427202,28630000.0
2019-03-29,35.134423940000005,35.67510758,28630000.0
2019-04-01,35.6951329,36.92669008,28630000.0
2019-04-02,36.966740720000004,37.08689264,28630000.0
2019-04-03,36.93670274,37.52744968,28630000.0
2019-04-04,37.5975383,37.61756362,28630000.0
2019-04-08,37.84785479999999,37.747728200000005,28630000.0
2019-04-09,37.1970319,38.4986777,28630000.0
2019-04-10,37.877892779999996,39.23961454,28630000.0
2019-04-11,39.049374,39.12947528,28630000.0
2019-04-12,39.37979178,38.178272580000005,28630000.0
2019-04-15,38.348487799999994,39.57003232,28630000.0
2019-04-16,39.1495006,40.701462899999996,28630000.0
2019-04-17,40.14075394,42.6539316,28630000.0
2019-04-18,42.1532986,41.69271624,28630000.0
2019-04-19,40.58131098,39.93048808,28630000.0
2019-04-22,39.93048808,40.210842559999996,28630000.0
2019-04-23,40.03061468,38.548741,28630000.0
2019-04-24,38.849120799999994,38.96927272,28630000.0
2019-04-25,37.747728200000005,35.164461919999994,28630000.0
2019-04-26,34.70387956,34.15318326,28630000.0
2019-04-29,33.8928541,31.65001826,28630000.0
2019-04-30,32.040512,32.33087914,28630000.0
2019-05-06,30.25825852,29.52733434,28630000.0
2019-05-07,30.047992660000002,30.05800532,28630000.0
2019-05-08,29.79767616,30.158131920000002,28630000.0
2019-05-09,30.11808128,29.91782808,28630000.0
2019-05-10,30.09805596,30.70882822,28630000.0
2019-05-13,30.0880433,30.3884231,28630000.0
2019-05-14,29.92784074,29.76763818,28630000.0
2019-05-15,30.03798,30.3884231,28630000.0
2019-05-16,30.538612999999998,30.97917004,28630000.0
2019-05-17,30.9391194,29.17689124,28630000.0
2019-05-20,29.26700518,29.6374736,28630000.0
2019-05-21,29.727587540000002,29.54735966,28630000.0
2019-05-22,29.6374736,28.486017699999998,28630000.0
2019-05-23,28.486017699999998,28.165612579999998,58336163.0
2019-05-24,28.04546066,28.616182279999997,58336163.0
2019-05-27,28.275751839999998,28.99666336,58336163.0
2019-05-28,28.99666336,30.228220540000002,58336163.0
2019-05-29,29.3370938,29.507309019999997,58336163.0
2019-05-30,29.09678996,28.67625824,58336163.0
2019-05-31,28.69628356,29.81770148,58336163.0
2019-06-03,30.228220540000002,29.006676019999997,58336163.0
2019-06-04,29.036714,29.37714444,58336163.0
2019-06-05,29.256992519999997,29.507309019999997,58336163.0
2019-06-06,29.40718242,26.9340554,58336163.0
2019-06-10,27.32454914,27.0842453,58336163.0
2019-06-11,27.12429594,28.11554928,58336163.0
2019-06-12,28.025435339999998,27.915296079999997,58336163.0
2019-06-13,27.81516948,28.62619494,58336163.0
2019-06-14,28.25469864,27.61209,58336163.0
2019-06-17,27.7124976,26.79878844,58336163.0
2019-06-18,26.88915528,26.9594406,58336163.0
2019-06-19,27.4112748,27.130133519999998,58336163.0
2019-06-20,27.2104596,27.59200848,58336163.0
2019-06-21,27.61209,28.23461712,58336163.0
2019-06-24,28.4153508,27.8129052,58336163.0
2019-06-25,27.863108999999998,27.15021504,58336163.0
2019-06-26,27.0096444,27.2606634,58336163.0
2019-06-27,27.110052,27.110052,58336163.0
2019-06-28,27.18033732,26.47748412,58336163.0
2019-07-01,26.949399839999998,27.34098948,58336163.0
2019-07-02,27.48156012,28.07396496,58336163.0
2019-07-03,28.10408724,27.491600879999996,58336163.0
2019-07-04,27.4614786,27.82294596,58336163.0
2019-07-05,28.09404648,27.57192696,58336163.0
2019-07-08,27.4112748,26.36703576,58336163.0
2019-07-09,26.356994999999998,26.58793248,58336163.0
2019-07-10,26.597973239999998,26.3067912,58336163.0
2019-07-11,26.01560916,25.81479396,58336163.0
2019-07-12,25.94532384,25.844916239999996,58336163.0
2019-07-15,25.844916239999996,25.232429879999998,58336163.0
2019-07-16,25.17218532,25.1019,58336163.0
2019-07-17,25.091859239999998,25.31275596,58336163.0
2019-07-18,25.182226079999996,24.4492506,58336163.0
2019-07-19,24.459291359999998,24.599861999999998,58336163.0
2019-07-22,24.6500658,22.85276976,58336163.0
2019-07-23,22.86281052,23.37488928,58336163.0
2019-07-24,23.48533764,23.796601199999998,58336163.0
2019-07-25,23.68615284,23.7463974,58336163.0
2019-07-26,23.384930039999997,23.57570448,58336163.0
2019-07-29,23.495378399999996,23.495378399999996,58336163.0
2019-07-30,23.57570448,23.75643816,58336163.0
2019-07-31,23.6459898,23.907049559999997,58336163.0
2019-08-01,23.77651968,23.5455822,58336163.0
2019-08-02,23.08370724,22.85276976,58336163.0
2019-08-05,22.87285128,22.91301432,58336163.0
2019-08-06,22.82264748,25.2023076,58336163.0
2019-08-07,25.63406028,27.722538359999998,58336163.0
2019-08-08,29.118204,26.808829199999998,58336163.0
2019-08-09,25.9051608,25.001492399999997,58336163.0
2019-08-12,24.1982316,25.483448879999997,58336163.0
2019-08-13,24.710310359999998,24.891044039999997,58336163.0
2019-08-14,25.11194076,24.680188079999997,58336163.0
2019-08-15,23.62590828,24.36892452,58336163.0
2019-08-16,24.499454399999998,24.850880999999998,58336163.0
2019-08-19,25.42320432,25.96540536,58336163.0
2019-08-20,25.734467879999997,27.67233456,58336163.0
2019-08-21,27.110052,26.808829199999998,58336163.0
2019-08-22,26.808829199999998,27.361071,58336163.0
2019-08-23,27.100011239999997,26.4071988,58336163.0
2019-08-26,26.4071988,26.76866616,58336163.0
2019-08-27,26.668258559999998,27.06988896,58336163.0
2019-08-28,27.310867199999997,28.07396496,58336163.0
2019-08-29,27.4112748,27.351030239999996,58336163.0
2019-08-30,27.59200848,26.62809552,58336163.0
2019-09-02,26.5578102,26.879114519999998,58336163.0
2019-09-03,26.848992239999998,26.9594406,58336163.0
2019-09-04,27.110052,26.78874768,58336163.0
2019-09-05,27.2104596,26.608014,58336163.0
2019-09-06,26.437321079999997,26.77870692,58336163.0
2019-09-09,27.1602558,27.973557359999997,58336163.0
2019-09-10,28.07396496,27.53176392,58336163.0
2019-09-11,27.84302748,28.38522852,58336163.0
2019-09-12,28.4153508,28.29486168,58336163.0
2019-09-16,28.29486168,27.652253039999998,58336163.0
2019-09-17,27.61209,26.4071988,58336163.0
2019-09-18,26.005568399999998,26.48752488,58336163.0
2019-09-19,26.12605752,26.6582178,58336163.0
2019-09-20,26.52768792,25.87503852,58336163.0
2019-09-23,25.63406028,25.32279672,64218515.0
2019-09-24,25.52361192,26.29675044,64218515.0
2019-09-25,25.935283079999998,25.2023076,64218515.0
2019-09-26,25.182226079999996,23.937171839999998,64218515.0
2019-09-27,23.967294120000002,24.519535920000003,64218515.0
2019-09-30,24.9010848,24.12794628,64218515.0
2019-10-08,24.097824,23.71627512,64218515.0
2019-10-09,23.6961936,24.35888376,64218515.0
2019-10-10,24.429169079999998,24.43920984,64218515.0
2019-10-11,24.43920984,24.158068559999997,64218515.0
2019-10-14,24.318720719999998,24.640025039999998,64218515.0
2019-10-15,24.599861999999998,23.95725336,64218515.0
2019-10-16,24.07774248,23.56566372,64218515.0
2019-10-17,23.595786,23.25440016,64218515.0
2019-10-18,23.30460396,22.923055079999997,64218515.0
2019-10-21,22.923055079999997,23.194155600000002,64218515.0
2019-10-22,23.25440016,23.30460396,64218515.0
2019-10-23,23.174074079999997,23.093747999999998,64218515.0
2019-10-24,23.093747999999998,22.93309584,64218515.0
2019-10-25,22.93309584,23.274481679999997,64218515.0
2019-10-28,22.7925252,23.62590828,64218515.0
2019-10-29,23.63594904,22.91301432,64218515.0
2019-10-30,22.80256596,22.30052796,64218515.0
2019-10-31,22.360772519999998,22.089672,64218515.0
2019-11-01,22.109753519999998,22.1398758,64218515.0
2019-11-04,22.23024264,22.23024264,64218515.0
2019-11-05,22.09971276,21.758326920000002,64218515.0
2019-11-06,21.81857148,21.627797039999997,64218515.0
2019-11-07,21.47718564,21.76836768,64218515.0
2019-11-08,21.72820464,21.587633999999998,64218515.0
2019-11-11,21.487226399999997,20.533354199999998,64218515.0
2019-11-12,20.65384332,20.774332440000002,64218515.0
2019-11-13,20.6839656,20.463068879999998,64218515.0
2019-11-14,20.6839656,20.4329466,64218515.0
2019-11-15,20.47310964,19.96103088,64218515.0
2019-11-18,20.04135696,20.06143848,64218515.0
2019-11-19,20.1819276,20.7341694,64218515.0
2019-11-20,20.95506612,20.332539,64218515.0
2019-11-21,20.412865079999996,20.583558,64218515.0
2019-11-22,20.66388408,20.1317238,64218515.0
2019-11-25,20.1317238,20.332539,64218515.0
2019-11-26,19.8807048,20.1819276,64218515.0
2019-11-27,20.17188684,19.99115316,64218515.0
2019-11-28,19.910827079999997,20.081519999999998,64218515.0
2019-11-29,20.081519999999998,20.80445472,64218515.0
2019-12-02,20.784373199999997,20.894821559999997,64218515.0
2019-12-03,20.673924839999998,22.12983504,64218515.0
2019-12-04,21.698082359999997,21.507307920000002,64218515.0
2019-12-05,21.507307920000002,21.557511719999997,64218515.0
2019-12-06,21.60771552,21.17596284,64218515.0
2019-12-09,21.165922079999998,21.236207399999998,64218515.0
2019-12-10,21.24624816,21.236207399999998,64218515.0
2019-12-11,21.085596,21.587633999999998,64218515.0
2019-12-12,21.587633999999998,21.1357998,64218515.0
2019-12-13,21.2864112,21.416941079999997,64218515.0
2019-12-16,21.40690032,21.76836768,64218515.0
2019-12-17,21.587633999999998,22.039468199999998,64218515.0
2019-12-18,22.05954972,22.149916559999998,64218515.0
2019-12-19,22.31056872,23.123870280000002,64218515.0
2019-12-20,23.05358496,22.55154696,64218515.0
2019-12-23,22.089672,21.31653348,64218515.0
2019-12-24,21.40690032,22.180038839999998,64218515.0
2019-12-25,22.00934592,22.26036492,64218515.0
2019-12-26,22.11979428,22.812606719999998,64218515.0
2019-12-27,22.78248444,22.250324159999998,64218515.0
2019-12-30,22.250324159999998,23.174074079999997,64218515.0
2019-12-31,23.013421920000003,22.8929328,64218515.0
2020-01-02,22.6921176,22.9431366,64218515.0
2020-01-03,22.97325888,22.61179152,64218515.0
2020-01-06,22.53146544,23.00338116,64218515.0
2020-01-07,23.6961936,23.194155600000002,64218515.0
2020-01-08,23.4451746,23.856845760000002,64218515.0
2020-01-09,24.087783239999997,24.72035112,64218515.0
2020-01-10,24.519535920000003,24.047620199999997,64218515.0
2020-01-13,24.1982316,24.4492506,64218515.0
2020-01-14,24.4492506,23.77651968,64218515.0
2020-01-15,23.425093079999996,23.18411484,64218515.0
2020-01-16,23.15399256,22.923055079999997,64218515.0
2020-01-17,23.22427788,22.923055079999997,64218515.0
2020-01-20,22.78248444,23.013421920000003,64218515.0
2020-01-21,23.093747999999998,22.27040568,64218515.0
2020-01-22,22.27040568,22.360772519999998,64218515.0
2020-01-23,22.1398758,21.56755248,64218515.0
2020-02-03,19.40878908,19.40878908,64218515.0
2020-02-04,17.4709224,18.55532448,64218515.0
2020-02-05,18.74609892,18.89671032,64218515.0
2020-02-06,18.8766288,19.067403239999997,64218515.0
2020-02-07,18.8766288,19.458992879999997,64218515.0
2020-02-10,19.328463,19.830500999999998,64218515.0
2020-02-11,19.860623280000002,19.72005264,64218515.0
2020-02-12,19.8807048,20.11164228,64218515.0
2020-02-13,19.95099012,19.940949359999998,64218515.0
2020-02-14,19.79033796,19.69997112,64218515.0
2020-02-17,19.71001188,20.42290584,64218515.0
2020-02-18,20.3827428,21.01531068,64218515.0
2020-02-19,21.01531068,22.149916559999998,64218515.0
2020-02-20,22.23024264,22.360772519999998,64218515.0
2020-02-21,22.832688239999996,23.133911039999997,64218515.0
2020-02-24,22.6419138,23.08370724,64218515.0
2020-02-25,22.68207684,22.882892039999998,64218515.0
2020-02-26,22.45113936,22.7925252,64218515.0
2020-02-27,22.76240292,23.5455822,64218515.0
2020-02-28,22.6921176,21.21612588,64218515.0
2020-03-02,21.34665576,22.220201879999998,64218515.0
2020-03-03,22.7925252,22.57162848,64218515.0
2020-03-04,22.20012036,22.51138392,64218515.0
2020-03-05,22.80256596,22.93309584,64218515.0
2020-03-06,22.68207684,23.10378876,64218515.0
2020-03-09,22.72223988,22.41097632,64218515.0
2020-03-10,22.180038839999998,23.50541916,64218515.0
2020-03-11,23.60582676,23.11382952,64218515.0
2020-03-12,22.38085404,21.90893832,64218515.0
2020-03-13,20.6839656,20.99522916,64218515.0
2020-03-16,20.99522916,19.6798896,64218515.0
2020-03-17,19.730093399999998,19.750174920000003,64218515.0
2020-03-18,20.001193920000002,19.66984884,64218515.0
2020-03-19,19.4790744,19.99115316,64218515.0
2020-03-20,20.66388408,20.232131399999997,64218515.0
2020-03-23,19.71001188,19.278259199999997,64218515.0
2020-03-24,19.689930359999998,19.71001188,64218515.0
2020-03-25,20.29237596,20.44298736,64218515.0
2020-03-26,20.22209064,19.95099012,64218515.0
2020-03-27,20.1819276,19.64976732,64218515.0
2020-03-30,19.24813692,18.93687336,64218515.0
2020-03-31,19.21801464,18.64569132,64218515.0
2020-04-01,18.826425,18.71597664,64218515.0
2020-04-02,18.394672319999998,18.956954879999998,64218515.0
2020-04-03,18.816384239999998,18.73605816,64218515.0
2020-04-07,18.9770364,19.1778516,64218515.0
2020-04-08,19.238096159999998,19.278259199999997,64218515.0
2020-04-09,19.278259199999997,19.28829996,64218515.0
2020-04-10,19.2280554,18.575406,64218515.0
2020-04-13,18.474998399999997,18.0231642,64218515.0
2020-04-14,18.03320496,18.38463156,64218515.0
2020-04-15,18.6758136,18.505120679999997,64218515.0
2020-04-16,18.2741832,18.6758136,64218515.0
2020-04-17,18.816384239999998,18.45491688,64218515.0
2020-04-20,18.46495764,18.56536524,64218515.0
2020-04-21,18.545283719999997,18.16373484,64218515.0
2020-04-22,18.05328648,18.46495764,64218515.0
2020-04-23,18.575406,18.575406,64218515.0
2020-04-24,18.816384239999998,18.20389788,64218515.0
2020-04-27,18.10349028,17.551248479999998,64218515.0
2020-04-28,17.480963159999998,16.54717248,64218515.0
2020-04-29,16.37647956,16.567254,64218515.0
2020-04-30,16.58733552,16.94880288,64218515.0
2020-05-06,16.8684768,17.43075936,64218515.0
2020-05-07,17.64161532,17.20986264,64218515.0
2020-05-08,17.1696996,17.4709224,64218515.0
2020-05-11,17.4709224,17.581370760000002,64218515.0
2020-05-12,17.581370760000002,17.410677839999998,64218515.0
2020-05-13,17.2199034,17.330351760000003,64218515.0
2020-05-14,17.270107199999998,17.39059632,64218515.0
2020-05-15,17.551248479999998,17.3705148,64218515.0
2020-05-18,17.310270239999998,17.0190882,64218515.0
2020-05-19,17.270107199999998,17.310270239999998,64218515.0
2020-05-20,17.30022948,17.50104468,64218515.0
2020-05-21,17.60145228,17.02912896,64218515.0
2020-05-22,16.968884399999997,17.20986264,64218515.0
2020-05-25,17.12953656,16.898599079999997,64218515.0
2020-05-26,16.918680600000002,18.043245719999998,64218515.0
2020-05-27,17.84243052,17.772145199999997,64218515.0
2020-05-28,17.631574559999997,18.545283719999997,64218515.0
2020-05-29,18.2741832,18.113531039999998,64218515.0
2020-06-01,18.16373484,18.2741832,64218515.0
2020-06-02,18.2741832,18.30430548,64218515.0
2020-06-03,18.3745908,18.1235718,64218515.0
2020-06-04,18.1235718,18.183816359999998,64218515.0
2020-06-05,18.223979399999997,18.324386999999998,64218515.0
2020-06-08,18.34446852,18.1235718,64218515.0
2020-06-09,18.31434624,18.424794600000002,64218515.0
2020-06-10,18.3745908,18.08340876,64218515.0
2020-06-11,18.173775600000003,18.505120679999997,64218515.0
2020-06-12,18.113531039999998,18.6256098,64218515.0
2020-06-15,18.63565056,19.2280554,64218515.0
2020-06-16,19.15777008,19.067403239999997,64218515.0
2020-06-17,19.11760704,19.067403239999997,64218515.0
2020-06-18,18.997051499999998,19.0171542,64218515.0
2020-06-19,19.027205549999998,18.866383949999996,64218515.0
2020-06-22,18.94679475,18.846281249999997,64218515.0
2020-06-23,18.7156137,18.645254249999997,64218515.0
2020-06-24,18.635202899999996,18.675408299999997,64218515.0
2020-06-29,18.645254249999997,18.273354299999998,64218515.0
2020-06-30,18.303508349999998,18.504535349999998,64218515.0
2020-07-01,18.66535695,18.34371375,64218515.0
2020-07-02,18.363816449999998,18.695511,64218515.0
2020-07-03,18.6553056,18.816127199999997,64218515.0
2020-07-06,18.866383949999996,19.409156849999995,64218515.0
2020-07-07,19.590081149999996,19.46946495,64218515.0
2020-07-08,19.489567649999998,19.841364899999995,64218515.0
2020-07-09,19.841364899999995,20.51480535,64218515.0
2020-07-10,20.263521599999997,20.13285405,64218515.0
2020-07-13,20.062494599999997,20.53490805,64218515.0
2020-07-14,20.3640351,20.836448549999997,64218515.0
2020-07-15,20.7459864,20.012237849999998,64218515.0
2020-07-16,19.901673,19.12771905,64218515.0
2020-07-17,19.097565,18.755819099999997,64218515.0
2020-07-20,18.88648665,19.720748699999998,64218515.0
2020-07-21,19.720748699999998,19.720748699999998,64218515.0
2020-07-22,19.77100545,19.509670349999997,64218515.0
2020-07-23,19.519721699999998,19.399105499999997,64218515.0
2020-07-24,19.409156849999995,19.047308249999997,64218515.0
2020-07-27,19.087513649999995,18.936743399999997,64218515.0
2020-07-28,18.856332599999998,19.1176677,64218515.0
2020-07-29,18.94679475,19.368951449999997,64218515.0
2020-07-30,19.46946495,19.620235199999996,64218515.0
2020-07-31,19.499618999999996,20.032340549999997,64218515.0
2020-08-03,20.2032135,20.555010749999997,64218515.0
2020-08-04,20.555010749999997,20.303727,64218515.0
2020-08-05,20.4042405,20.595216149999995,64218515.0
2020-08-06,20.575113449999996,20.283624299999996,64218515.0
2020-08-07,20.504753999999995,20.213264849999998,64218515.0
2020-08-10,20.555010749999997,20.926910699999997,64218515.0
2020-08-11,20.7459864,19.911724349999997,64218515.0
2020-08-12,19.8614676,21.901891649999996,64218515.0
2020-08-13,21.62045385,20.685678299999996,64218515.0
2020-08-14,20.263521599999997,20.19316215,64218515.0
2020-08-17,19.8815703,20.142905399999997,64218515.0
2020-08-18,20.122802699999998,19.911724349999997,64218515.0
2020-08-19,19.801159499999997,19.549875749999998,64218515.0
2020-08-20,19.630286549999997,19.600132499999997,64218515.0
2020-08-21,19.690594649999998,19.20812985,64218515.0
2020-08-24,19.20812985,19.26843795,64218515.0
2020-08-25,19.177975799999995,19.67049195,64218515.0
2020-08-26,19.680543299999997,19.157873099999996,64218515.0
2020-08-27,19.34884875,20.0423919,64218515.0
2020-08-28,19.951929749999998,20.303727,64218515.0
2020-08-31,20.183110799999994,19.801159499999997,64218515.0
2020-09-01,19.660440599999998,20.8867053,64218515.0
2020-09-02,20.8867053,21.45963225,64218515.0
2020-09-03,21.2284512,21.258605249999995,64218515.0
2020-09-04,20.816345849999998,21.811429499999996,64218515.0
2020-09-07,21.911942999999997,22.324048349999998,64218515.0
2020-09-08,22.324048349999998,22.665794249999998,64218515.0
2020-09-09,22.48486995,22.253688899999997,64218515.0
2020-09-10,21.62045385,19.831313549999997,64218515.0
2020-09-11,18.092429999999997,19.87151895,64218515.0
2020-09-14,20.303727,20.77614045,64218515.0
2020-09-15,21.489786299999995,20.555010749999997,64218515.0
2020-09-16,20.253470249999996,20.33388105,64218515.0
2020-09-17,20.615318849999998,22.313996999999997,64218515.0
2020-09-18,22.112969999999997,22.444664549999995,64218515.0
2020-09-21,23.017591499999995,22.515023999999997,64218515.0
2020-09-22,22.012456499999995,22.203432149999998,64218515.0
2020-09-23,21.7310187,22.002405149999998,64218515.0
2020-09-24,22.102918649999996,23.6005698,64218515.0
2020-09-25,23.36938875,22.2134835,64218515.0
2020-09-28,21.680761949999997,24.002623799999995,64218515.0
2020-09-29,23.027642849999996,23.500056299999997,64218515.0
2020-09-30,23.63072385,22.464767249999998,64218515.0
2020-10-09,22.8768726,23.620672499999998,64218515.0
2020-10-12,24.927348,28.344806999999996,64218515.0
2020-10-13,28.143779999999996,30.204306749999997,64218515.0
2020-10-14,30.154049999999998,29.138863649999994,64218515.0
2020-10-15,29.229325799999994,28.344806999999996,64218515.0
2020-10-16,27.410031449999998,27.9628557,64218515.0
2020-10-19,28.003061099999996,27.138644999999997,64218515.0
2020-10-20,27.138644999999997,27.691469249999997,64218515.0
2020-10-21,27.32962065,26.3144343,64218515.0
2020-10-22,25.982739749999997,26.54561535,64218515.0
2020-10-23,26.515461299999995,26.264177549999996,64218515.0
2020-10-26,26.4350505,27.540698999999996,64218515.0
2020-10-27,27.158747699999996,26.696385599999996,64218515.0
2020-10-28,24.334318349999997,23.208567149999997,64218515.0
2020-10-29,22.726102349999998,23.660877899999996,64218515.0
2020-10-30,23.8015968,22.746205049999997,64218515.0
2020-11-02,22.8165645,23.30908065,64218515.0
2020-11-03,23.781494099999996,23.922213,64218515.0
2020-11-04,23.922213,24.826834499999997,64218515.0
2020-11-05,25.651045199999995,25.037912849999998,64218515.0
2020-11-06,25.600788449999996,24.3845751,64218515.0
2020-11-09,24.736372349999996,25.580685749999997,64218515.0
2020-11-10,25.630942499999996,26.565718049999997,64218515.0
2020-11-11,26.626026149999994,25.761610049999994,64218515.0
2020-11-12,25.630942499999996,25.872174899999994,64218515.0
2020-11-13,26.525512649999996,27.741726,64218515.0
2020-11-16,27.369826049999997,27.198953099999997,64218515.0
2020-11-17,25.8922776,25.078118249999996,64218515.0
2020-11-18,25.490223599999997,26.686334249999998,64218515.0
2020-11-19,26.4350505,27.038131499999995,64218515.0
2020-11-20,25.942534349999995,26.354639699999996,64218515.0
2020-11-23,25.791764099999998,25.259042549999997,64218515.0
2020-11-24,25.68119925,27.249209849999996,64218515.0
2020-11-25,26.917515299999998,27.771880049999996,64218515.0
2020-11-26,27.359774699999996,26.967772049999994,64218515.0
2020-11-27,27.168799049999997,28.113625949999996,64218515.0
2020-11-30,27.912598949999996,28.153831349999997,64218515.0
2020-12-01,27.641212499999998,27.570853049999997,64218515.0
2020-12-02,26.937617999999997,25.419864149999995,64218515.0
2020-12-03,25.208785799999994,23.419645499999998,64218515.0
2020-12-04,23.017591499999995,23.2789266,64218515.0
2020-12-07,23.218618499999998,23.218618499999998,64218515.0
2020-12-08,23.28897795,22.64569155,64218515.0
2020-12-09,22.635640199999997,21.972251099999998,64218515.0
2020-12-10,21.8717376,21.932045699999996,64218515.0
2020-12-11,22.0526619,21.741070049999998,64218515.0
2020-12-14,21.710915999999997,21.901891649999996,64218515.0
2020-12-15,21.911942999999997,22.022507849999997,64218515.0
2020-12-16,22.4145105,22.8165645,64218515.0
2020-12-17,22.515023999999997,22.675845599999995,64218515.0
2020-12-18,22.4145105,21.972251099999998,64218515.0
2020-12-21,21.8918403,22.112969999999997,64218515.0
2020-12-22,21.911942999999997,20.85655125,64218515.0
2020-12-23,20.615318849999998,21.188245799999997,64218515.0
2020-12-24,21.107834999999998,20.665575599999997,64218515.0
2020-12-25,20.51480535,20.816345849999998,64218515.0
2020-12-28,20.816345849999998,19.941878399999997,64218515.0
2020-12-29,19.941878399999997,19.87151895,64218515.0
2020-12-30,19.87151895,19.499618999999996,64218515.0
2020-12-31,19.600132499999997,20.052443249999996,64218515.0
2021-01-04,20.062494599999997,20.072545949999995,64218515.0
2021-01-05,20.0222892,19.7609541,64218515.0
2021-01-06,19.750902749999998,19.12771905,64218515.0
2021-01-07,19.157873099999996,17.82104355,64218515.0
2021-01-08,17.7908895,17.82104355,64218515.0
2021-01-11,17.831094899999997,17.328527399999995,64218515.0
2021-01-12,17.328527399999995,17.45919495,64218515.0
2021-01-13,17.45919495,16.8058572,64218515.0
2021-01-14,16.785754499999996,16.715395049999998,64218515.0
2021-01-15,16.735497749999997,17.2682193,64218515.0
2021-01-18,17.740632749999996,17.59991385,64218515.0
2021-01-19,17.489348999999997,17.94165975,64218515.0
2021-01-20,18.44422725,18.082378649999995,64218515.0
2021-01-21,17.831094899999997,17.951711099999997,64218515.0
2021-01-22,17.720530049999997,18.16278945,64218515.0
2021-01-25,18.092429999999997,17.549657099999997,64218515.0
2021-01-26,17.5094517,17.15765445,64218515.0
2021-01-27,16.896319349999995,17.27827065,64218515.0
2021-01-28,16.976730149999998,17.107397699999996,64218515.0
2021-01-29,16.916422049999998,16.31334105,64218515.0
2021-02-01,16.31334105,16.8058572,64218515.0
2021-02-02,16.5445221,16.825959899999997,64218515.0
2021-02-03,16.77570315,15.619797899999998,64218515.0
2021-02-04,15.549438449999998,15.107179049999997,64218515.0
2021-02-05,15.278051999999997,14.825741249999998,64218515.0
2021-02-08,14.795587199999998,14.564406149999998,64218515.0
2021-02-09,14.5342521,14.855895299999998,64218515.0
2021-02-10,15.448924949999997,14.896100699999998,64218515.0
2021-02-18,15.077024999999999,15.358462799999998,64218515.0
2021-02-19,15.428822249999998,15.810773549999999,64218515.0
2021-02-22,15.850978949999998,16.192724849999998,64218515.0
2021-02-23,16.03190325,15.840927599999999,64218515.0
2021-02-24,15.881132999999998,16.021851899999998,64218515.0
2021-02-25,16.072108649999997,15.840927599999999,64218515.0
2021-02-26,15.680105999999999,16.283186999999998,64218515.0
2021-03-01,16.1826735,16.825959899999997,64218515.0
2021-03-02,17.03703825,16.9063707,64218515.0
2021-03-03,16.735497749999997,16.77570315,64218515.0
2021-03-04,16.655086949999998,16.735497749999997,64218515.0
2021-03-05,16.735497749999997,17.147603099999998,64218515.0
2021-03-08,17.7908895,17.03703825,64218515.0
2021-03-09,16.976730149999998,16.37364915,64218515.0
2021-03-10,16.5445221,16.0419546,64218515.0
2021-03-11,16.132416749999997,16.393751849999997,64218515.0
2021-03-12,16.464111299999995,16.242981599999997,64218515.0
2021-03-15,16.08216,16.15251945,64218515.0
2021-03-16,16.242981599999997,16.3434951,64218515.0
2021-03-17,16.3837005,16.63498425,64218515.0
2021-03-18,16.564624799999997,16.484213999999998,64218515.0
2021-03-19,16.303289699999997,16.27313565,64218515.0
2021-03-22,16.3837005,16.454059949999998,64218515.0
2021-03-23,16.484213999999998,15.981646499999998,64218515.0
2021-03-24,15.981646499999998,15.8007222,64218515.0
2021-03-25,15.750465449999998,15.73036275,64218515.0
2021-03-26,15.780619499999997,16.03190325,64218515.0
2021-03-29,16.03190325,15.780619499999997,64218515.0
2021-03-30,15.599695199999998,15.257949299999998,64218515.0
2021-03-31,15.308206049999999,15.328308749999998,64218515.0
2021-04-01,15.328308749999998,15.4589763,64218515.0
2021-04-02,15.4589763,15.62984925,64218515.0
2021-04-06,15.639900599999999,15.981646499999998,64218515.0
2021-04-07,15.881132999999998,16.011800549999997,64218515.0
2021-04-08,16.17262215,15.73036275,64218515.0
2021-04-09,15.760516799999998,18.8764353,64218515.0
2021-04-12,19.489567649999998,19.10761635,64218515.0
2021-04-13,18.846281249999997,17.740632749999996,64218515.0
2021-04-14,17.720530049999997,17.80094085,64218515.0
2021-04-15,17.660221949999997,18.62515155,64218515.0
2021-04-16,18.62515155,19.228232549999998,64218515.0
2021-04-19,19.177975799999995,20.605267499999997,64218515.0
2021-04-20,20.303727,19.720748699999998,64218515.0
2021-04-21,19.46946495,19.20812985,64218515.0
2021-04-22,19.2181812,19.34884875,64218515.0
2021-04-23,19.4393109,19.690594649999998,64218515.0
2021-04-26,19.298591999999996,19.298591999999996,64218515.0
2021-04-27,19.590081149999996,19.600132499999997,64218515.0
2021-04-28,19.7609541,19.097565,64218515.0
2021-04-29,18.997051499999998,18.494483999999996,64218515.0
2021-04-30,18.494483999999996,18.60504885,64218515.0
2021-05-06,18.8764353,19.368951449999997,64218515.0
2021-05-07,19.308643349999997,18.494483999999996,64218515.0
2021-05-10,18.46432995,18.34371375,64218515.0
2021-05-11,18.1929435,18.504535349999998,64218515.0
2021-05-12,18.4542786,19.188027149999996,64218515.0
2021-05-13,18.976948799999995,18.645254249999997,64218515.0
2021-05-14,18.8764353,19.12771905,64218515.0
2021-05-17,19.318694699999998,19.137770399999997,64218515.0
2021-05-18,19.198078499999998,18.88648665,64218515.0
2021-05-19,18.88648665,18.54474075,64218515.0
2021-05-20,18.5547921,18.645254249999997,64218515.0
2021-05-21,18.60504885,22.18332945,64218515.0
2021-05-24,21.489786299999995,20.8867053,114512351.99999999
2021-05-25,21.0274242,20.7459864,114512351.99999999
2021-05-26,20.8867053,21.037475549999996,114512351.99999999
2021-05-27,20.65552425,20.77614045,114512351.99999999
2021-05-28,20.846499899999998,20.786191799999997,114512351.99999999
2021-05-31,20.605267499999997,21.0274242,114512351.99999999
2021-06-01,21.0274242,20.906807999999998,114512351.99999999
2021-06-02,20.896756649999997,21.27870795,114512351.99999999
2021-06-03,22.012456499999995,20.7459864,114512351.99999999
2021-06-04,20.65552425,22.6155375,114512351.99999999
2021-06-07,22.153175399999995,23.459850899999996,114512351.99999999
2021-06-08,24.183548099999996,22.896975299999998,114512351.99999999
2021-06-09,23.027642849999996,22.575332099999997,114512351.99999999
2021-06-10,22.112969999999997,22.5954348,114512351.99999999
2021-06-11,22.6155375,21.911942999999997,114512351.99999999
2021-06-15,22.364253749999996,23.16836175,114512351.99999999
2021-06-16,22.917077999999997,23.449799549999994,114512351.99999999
2021-06-17,23.449799549999994,23.027642849999996,114512351.99999999
2021-06-18,23.14825905,22.8768726,114512351.99999999
2021-06-21,23.007540149999997,24.434831849999995,114512351.99999999
2021-06-22,24.123239999999996,23.268875249999997,114512351.99999999
2021-06-23,23.087950949999996,23.017591499999995,114512351.99999999
2021-06-24,23.017591499999995,22.464767249999998,114512351.99999999
2021-06-25,22.464767249999998,21.861686249999998,114512351.99999999
2021-06-28,22.173278099999997,22.263740249999998,114512351.99999999
2021-06-29,22.12302135,23.0778996,114512351.99999999
2021-06-30,23.429696849999996,23.2789266,114512351.99999999
2021-07-01,23.118104999999996,22.927129349999998,114512351.99999999
2021-07-02,22.917077999999997,23.349286049999996,114512351.99999999
2021-07-05,23.248772549999998,23.711134649999998,114512351.99999999
2021-07-06,23.650826549999998,23.027642849999996,114512351.99999999
2021-07-07,23.118104999999996,23.419645499999998,114512351.99999999
2021-07-08,23.7412887,24.89719395,114512351.99999999
2021-07-09,24.123239999999996,24.756475049999995,114512351.99999999
2021-07-12,25.620891149999995,24.5654994,114512351.99999999
2021-07-13,24.645910199999996,24.2438562,114512351.99999999
2021-07-14,24.274010249999996,24.2438562,114512351.99999999
2021-07-15,24.2438562,25.148477699999997,114512351.99999999
2021-07-16,25.33945335,24.877091249999996,114512351.99999999
2021-07-19,24.454934549999997,25.0479642,114512351.99999999
2021-07-20,25.289196599999997,24.645910199999996,114512351.99999999
2021-07-21,25.1082723,25.761610049999994,114512351.99999999
2021-07-22,25.610839799999997,25.992791099999998,114512351.99999999
2021-07-23,26.063150549999996,27.249209849999996,114512351.99999999
2021-07-26,27.540698999999996,25.982739749999997,114512351.99999999
2021-07-27,26.264177549999996,27.540698999999996,114512351.99999999
2021-07-28,26.967772049999994,27.048182849999996,114512351.99999999
2021-07-29,27.249209849999996,28.927785299999996,114512351.99999999
2021-07-30,29.148914999999995,28.616193449999997,114512351.99999999
2021-08-02,28.746861,29.4102501,114512351.99999999
2021-08-03,29.4102501,32.134165949999996,114512351.99999999
2021-08-04,32.15426864999999,37.17994365,114512351.99999999
2021-08-05,35.179725,35.22998174999999,114512351.99999999
2021-08-06,34.52638725,38.8987245,114512351.99999999
2021-08-09,39.200264999999995,38.06446244999999,114512351.99999999
2021-08-10,38.888673149999995,34.94854395,114512351.99999999
2021-08-11,34.67715749999999,34.48618185,114512351.99999999
2021-08-12,33.923306249999996,34.888235849999994,114512351.99999999
2021-08-13,34.40577104999999,33.682073849999995,114512351.99999999
2021-08-16,33.17950635,34.5163359,114512351.99999999
2021-08-17,33.993665699999994,34.234898099999995,114512351.99999999
2021-08-18,34.234898099999995,34.83797909999999,114512351.99999999
2021-08-19,34.858081799999994,37.58199765,114512351.99999999
2021-08-20,37.994102999999996,37.3307139,114512351.99999999
2021-08-23,36.7477356,37.8332814,86398637.99999999
2021-08-24,37.994102999999996,36.34568159999999,86398637.99999999
2021-08-25,36.084346499999995,35.14957095,86398637.99999999
2021-08-26,35.179725,33.862998149999996,86398637.99999999
2021-08-27,34.848030449999996,34.878184499999996,86398637.99999999
2021-08-30,35.73254924999999,38.18507865,86398637.99999999
2021-08-31,37.793076,38.577081299999996,86398637.99999999
2021-09-01,37.903640849999995,37.471432799999995,86398637.99999999
2021-09-02,36.81809505,36.86835179999999,86398637.99999999
2021-09-03,36.667324799999996,36.93871125,86398637.99999999
2021-09-06,37.169892299999994,37.6121517,86398637.99999999
2021-09-07,37.6121517,37.60210034999999,86398637.99999999
2021-09-08,37.561894949999996,39.42139469999999,86398637.99999999
2021-09-09,39.42139469999999,37.01912204999999,86398637.99999999
2021-09-10,37.169892299999994,37.27040579999999,86398637.99999999
2021-09-13,37.169892299999994,38.59718399999999,86398637.99999999
2021-09-14,38.19513,37.290508499999994,86398637.99999999
2021-09-15,36.395938349999994,36.787941,86398637.99999999
2021-09-16,36.65727345,37.52168954999999,86398637.99999999
2021-09-17,37.843332749999995,36.697478849999996,86398637.99999999
2021-09-22,35.73254924999999,36.09439784999999,86398637.99999999
2021-09-23,37.30055984999999,41.19043229999999,86398637.99999999
2021-09-24,40.9089945,38.2956435,86398637.99999999
2021-09-27,37.28045715,37.813178699999995,86398637.99999999
2021-09-28,37.9740003,35.099314199999995,86398637.99999999
2021-09-29,35.48126549999999,35.12946825,86398637.99999999
2021-09-30,35.179725,34.727414249999995,86398637.99999999
2021-10-08,35.219930399999996,34.96864665,86398637.99999999
2021-10-11,34.878184499999996,34.86813314999999,86398637.99999999
2021-10-12,34.86813314999999,30.546052649999996,86398637.99999999
2021-10-13,31.360211999999997,31.35016065,86398637.99999999
2021-10-14,31.772317349999994,31.4607255,86398637.99999999
2021-10-15,31.4607255,31.661752499999995,86398637.99999999
2021-10-18,31.67180385,32.013549749999996,86398637.99999999
2021-10-19,32.073857849999996,31.309955249999994,86398637.99999999
2021-10-20,31.480828199999998,31.842676799999996,86398637.99999999
2021-10-21,32.0638065,31.068722849999997,86398637.99999999
2021-10-22,30.867695849999997,30.455590499999996,86398637.99999999
2021-10-25,30.445539149999995,31.159184999999997,86398637.99999999
2021-10-26,31.380314699999996,32.71714425,86398637.99999999
2021-10-27,32.908119899999996,33.97356299999999,86398637.99999999
2021-10-28,34.174589999999995,35.310392549999996,86398637.99999999
2021-10-29,34.96864665,35.33049524999999,86398637.99999999
2021-11-01,35.48126549999999,41.19043229999999,86398637.99999999
2021-11-02,42.01464299999999,41.21053499999999,86398637.99999999
2021-11-03,39.903859499999996,44.87927774999999,86398637.99999999
2021-11-04,45.2511777,53.85513329999999,86398637.99999999
2021-11-05,55.91566005,56.87053829999999,86398637.99999999
2021-11-08,57.41331119999999,60.308099999999996,86398637.99999999
2021-11-09,61.303183649999994,63.32350499999999,86398637.99999999
2021-11-10,63.32350499999999,64.55982105,86398637.99999999
2021-11-11,64.27838324999999,62.64001319999999,86398637.99999999
2021-11-12,61.916315999999995,63.90648329999999,86398637.99999999
2021-11-15,66.14793435,76.69180049999999,86398637.99999999
2021-11-16,72.47023349999999,68.68087454999998,86398637.99999999
2021-11-17,69.70611224999999,68.33912864999999,86398637.99999999
2021-11-18,67.36414769999999,64.31858865,86398637.99999999
2021-11-19,64.80105345,67.13296665,86398637.99999999
2021-11-22,69.8367798,70.21873109999999,86398637.99999999
2021-11-23,69.0527745,71.66612549999999,86398637.99999999
2021-11-24,69.4146231,74.2392711,86398637.99999999
2021-11-25,74.2392711,72.34961729999999,86398637.99999999
2021-11-26,72.9325956,83.05430504999998,86398637.99999999
2021-11-29,83.97902924999998,81.22495934999999,86398637.99999999
2021-11-30,81.14454855,88.24080165,86398637.99999999
2021-12-01,86.74315049999998,85.09472909999998,86398637.99999999
2021-12-02,85.02436965,83.95892654999999,86398637.99999999
2021-12-03,83.426205,83.828259,86398637.99999999
2021-12-06,82.42106999999999,82.39091595,86398637.99999999
2021-12-07,81.32547284999998,76.50082484999999,86398637.99999999
2021-12-08,76.86267344999999,77.72708954999999,86422638.0
2021-12-09,77.10390584999999,75.18409799999999,86422638.0
2021-12-10,72.03802544999999,74.37998999999999,87870438.0
2021-12-13,74.37998999999999,72.70141455,87870438.0
2021-12-14,73.1336226,73.8774225,87870438.0
2021-12-15,73.8774225,75.43538174999999,87870438.0
2021-12-16,75.88769249999999,72.98285234999999,87870438.0
2021-12-17,72.9929037,70.35945,87870438.0
2021-12-20,71.88725519999998,67.21337745,87870438.0
2021-12-21,68.85174749999999,68.76128535,87870438.0
2021-12-22,69.8568825,68.52005295,87870438.0
2021-12-23,68.60046374999999,75.03332775,87870438.0
2021-12-24,76.39026,70.8017094,87870438.0
2021-12-27,66.25849919999999,64.45930754999999,87870438.0
2021-12-28,64.32864,61.8158025,87870438.0
2021-12-29,60.62974319999999,61.56451874999999,87870438.0
2021-12-30,61.082053949999995,64.730694,87870438.0
2021-12-31,66.539937,64.52966699999999,87870438.0
2022-01-04,63.32350499999999,62.780732099999994,87870438.0
2022-01-05,62.73047534999999,63.17273475,87870438.0
2022-01-06,61.8158025,65.29356959999998,87870438.0
2022-01-07,65.29356959999998,62.931502349999995,87870438.0
2022-01-10,62.43898619999999,61.50421064999999,87870438.0
2022-01-11,61.0116945,59.71507034999999,87870438.0
2022-01-12,59.17229744999999,61.77559709999999,87870438.0
2022-01-13,61.93641869999999,62.47919159999999,87870438.0
2022-01-14,62.47919159999999,67.14301799999998,87870438.0
2022-01-17,67.33399364999998,66.32885864999999,87870438.0
2022-01-18,65.5549047,63.273248249999995,87870438.0
2022-01-19,61.916315999999995,59.6849163,87870438.0
2022-01-20,59.664813599999995,57.6746463,87870438.0
2022-01-21,57.59423549999999,59.30296499999999,87870438.0
2022-01-24,59.30296499999999,58.991373149999994,87870438.0
2022-01-25,60.16738109999999,55.0612953,87870438.0
2022-01-26,54.488368349999995,57.262540949999995,87870438.0
2022-01-27,57.16202744999999,55.965916799999995,87870438.0
2022-01-28,56.69966534999999,54.99093584999999,87870438.0
2022-02-07,55.55381145,54.78990884999999,87870438.0
2022-02-08,54.78990884999999,53.27215499999999,87870438.0
2022-02-09,53.94559545,52.357482149999996,87870438.0
2022-02-10,51.94537679999999,50.80957424999999,87870438.0
2022-02-11,51.15132015,48.196223249999996,87870438.0
2022-02-14,47.985144899999995,48.79930424999999,87870438.0
2022-02-15,48.909869099999995,49.030485299999995,87870438.0
2022-02-16,50.24669865,47.824323299999996,87870438.0
2022-02-17,47.462474699999994,48.15601784999999,87870438.0
2022-02-18,47.613244949999995,47.3820639,87870438.0
2022-02-21,46.99006125,48.1258638,87870438.0
2022-02-22,48.23642864999999,46.60810994999999,87870438.0
2022-02-23,46.30656945,49.643617649999996,87870438.0
2022-02-24,49.33202579999999,48.27663405,87870438.0
2022-02-25,49.75418249999999,49.02043395,87870438.0
2022-02-28,49.02043395,49.51295009999999,87870438.0
2022-03-01,49.804439249999994,50.41757159999999,87870438.0
2022-03-02,49.8144906,48.909869099999995,87870438.0
2022-03-03,49.241563649999996,46.376928899999996,87870438.0
2022-03-04,45.96482354999999,45.231075,87870438.0
2022-03-07,44.73855884999999,43.29116445,87870438.0
2022-03-08,43.220805,41.7131025,87870438.0
2022-03-09,41.723153849999996,42.215669999999996,87870438.0
2022-03-10,43.210753649999994,42.125207849999995,87870438.0
2022-03-11,41.3110485,41.21053499999999,87870438.0
2022-03-14,40.808481,40.29586215,87870438.0
2022-03-15,40.29586215,37.88353814999999,87870438.0
2022-03-16,39.0595461,38.707748849999994,87870438.0
2022-03-17,39.82344869999999,41.451767399999994,87870438.0
2022-03-18,41.18038094999999,41.80356465,87870438.0
2022-03-21,42.095053799999995,43.83393734999999,87870438.0
2022-03-22,44.135477849999994,41.793513299999994,87870438.0
2022-03-23,42.1352592,41.9141295,87870438.0
2022-03-24,41.9141295,41.853821399999994,87870438.0
2022-03-25,41.80356465,40.828583699999996,87870438.0
2022-03-28,40.81853235,40.738121549999995,87870438.0
2022-03-29,40.738121549999995,39.3007785,87870438.0
2022-03-30,39.783243299999995,40.6677621,87870438.0
2022-03-31,40.57729994999999,39.42139469999999,87870438.0
2022-04-01,38.8987245,38.49667049999999,87870438.0
2022-04-06,38.4765678,37.682511149999996,87870438.0
2022-04-07,37.471432799999995,36.3255789,87870438.0
2022-04-08,36.295424849999996,35.10936554999999,87870438.0
2022-04-11,34.67715749999999,34.15448729999999,87870438.0
2022-04-12,33.19960905,34.0740765,87870438.0
2022-04-13,33.651919799999995,32.03365245,87870438.0
2022-04-14,32.64678479999999,32.043703799999996,87870438.0
2022-04-15,30.556103999999994,32.0034984,87870438.0
2022-04-18,32.104011899999996,33.280019849999995,87870438.0
2022-04-19,33.058890149999996,32.70709289999999,87870438.0
2022-04-20,32.93827395,31.561238999999993,88227938.0
2022-04-21,31.561238999999993,30.405333749999997,88227938.0
2022-04-22,29.983177049999995,27.892496249999997,96942464.0
2022-04-25,27.661315199999997,25.48017225,96942464.0
2022-04-26,25.540480349999996,24.9072453,96942464.0
2022-04-27,24.424780499999997,26.716488299999995,96942464.0
2022-04-28,26.535563999999997,25.640993849999997,96942464.0
2022-04-29,26.073201899999997,27.53064765,96942464.0
2022-05-05,27.178850399999995,27.580904399999998,96942464.0
2022-05-06,27.038131499999995,27.389928749999996,96942464.0
2022-05-09,27.410031449999998,27.4401855,96942464.0
2022-05-10,27.018028799999996,28.696604249999996,96942464.0
2022-05-11,29.128812299999996,30.747079649999996,96942464.0
2022-05-12,30.154049999999998,30.485744549999996,96942464.0
2022-05-13,31.661752499999995,34.9988007,96942464.0
2022-05-16,35.471214149999994,32.968427999999996,96942464.0
2022-05-17,33.30012255,34.40577104999999,96942464.0
2022-05-18,34.26505215,36.45624645,96942464.0
2022-05-19,35.802908699999996,37.391022,96942464.0
2022-05-20,37.592048999999996,37.46138145,96942464.0
2022-05-23,40.305913499999996,41.843770049999996,96942464.0
2022-05-24,41.753307899999996,38.99923799999999,96942464.0
2022-05-25,37.873486799999995,37.80312735,96942464.0
2022-05-26,37.471432799999995,38.546927249999996,96942464.0
2022-05-27,39.1600596,38.0745138,96942464.0
2022-05-30,38.19513,41.411561999999996,96942464.0
2022-05-31,41.3110485,43.52234549999999,96942464.0
2022-06-01,43.52234549999999,44.7687129,96942464.0
2022-06-02,43.87414275,46.839290999999996,96942464.0
2022-06-06,46.35682619999999,44.84912369999999,96942464.0
2022-06-07,44.84912369999999,43.9243995,96942464.0
2022-06-08,42.9192645,41.09997015,96942464.0
2022-06-09,41.110021499999995,40.456683749999996,96942464.0
2022-06-10,40.2054,46.02513164999999,96942464.0
2022-06-13,47.120728799999995,50.19644189999999,96942464.0
2022-06-14,48.20627459999999,55.282424999999996,96942464.0
2022-06-15,55.262322299999994,53.774722499999996,96942464.0
2022-06-16,54.67934399999999,55.282424999999996,96942464.0
2022-06-17,55.33268174999999,55.39298984999999,96942464.0
2022-06-20,54.307444049999994,53.72446575,96942464.0
2022-06-21,53.995852199999995,51.74434979999999,96942464.0
2022-06-22,52.06599299999999,53.17164149999999,96942464.0
2022-06-23,53.473181999999994,58.890859649999996,96942464.0
2022-06-24,60.308099999999996,56.187046499999994,96942464.0
2022-06-27,55.46334929999999,56.06643029999999,96942464.0
2022-06-28,55.131654749999996,54.25718729999999,96942464.0
2022-06-29,53.3324631,51.94537679999999,96942464.0
2022-06-30,51.85491465,50.136133799999996,96942464.0
2022-07-01,49.744131149999994,49.452642,96942464.0
2022-07-04,49.251614999999994,49.07069069999999,96942464.0
2022-07-05,49.16115284999999,46.91970179999999,96942464.0
2022-07-06,47.53283414999999,50.568341849999996,96942464.0
2022-07-07,50.568341849999996,53.64405494999999,96942464.0
2022-07-08,52.81984424999999,47.462474699999994,96942464.0
2022-07-11,46.88954774999999,47.50268009999999,96942464.0
2022-07-12,46.78903424999999,44.30635079999999,96942464.0
2022-07-13,45.16071554999999,45.824104649999995,96942464.0
2022-07-14,45.613026299999994,47.04031799999999,96942464.0
2022-07-15,47.75396384999999,49.683823049999994,96942464.0
2022-07-18,49.060639349999995,47.51273145,96942464.0
2022-07-19,47.854477349999996,48.39725024999999,96942464.0
2022-07-20,48.64853399999999,48.64853399999999,96942464.0
2022-07-21,48.22637729999999,49.75418249999999,96942464.0
2022-07-22,50.25675,52.468047,96942464.0
2022-07-25,52.146403799999995,52.99071719999999,96942464.0
2022-07-26,51.462911999999996,55.51360604999999,96942464.0
2022-07-27,54.488368349999995,55.594016849999996,96942464.0
2022-07-28,55.724684399999994,53.0912307,96942464.0
2022-07-29,53.2922577,57.232386899999995,96942464.0
2022-08-01,56.28755999999999,55.9860195,96942464.0
2022-08-02,54.77985749999999,51.79460655,96942464.0
2022-08-03,52.12630109999999,49.251614999999994,96942464.0
2022-08-04,49.26166634999999,50.41757159999999,96942464.0
2022-08-05,50.176339199999994,48.96012585,96942464.0
2022-08-08,48.809355599999996,51.995633549999994,96942464.0
2022-08-09,54.57883049999999,50.849779649999995,96942464.0
2022-08-10,50.85983099999999,54.267238649999996,96942464.0
2022-08-11,54.25718729999999,54.6190359,96942464.0
2022-08-12,55.483452,51.49306604999999,96932714.0
2022-08-15,51.26188499999999,52.90025505,96932714.0
2022-08-16,53.27215499999999,55.91566005,96932714.0
2022-08-17,56.156892449999994,56.247354599999994,96932714.0
2022-08-18,56.217200549999994,62.02688084999999,96932714.0
2022-08-19,64.22812649999999,60.67999994999999,96932714.0
2022-08-22,61.212721499999994,60.70010264999999,96932714.0
2022-08-23,59.514043349999994,63.363710399999995,96932714.0
2022-08-24,62.90134829999999,59.61455684999999,96932714.0
2022-08-25,59.292913649999996,53.32241174999999,96932714.0
2022-08-26,54.25718729999999,53.563644149999995,96932714.0
2022-08-29,52.146403799999995,52.759536149999995,96932714.0
2022-08-30,49.251614999999994,45.231075,96932714.0
2022-08-31,44.658148049999994,41.61258899999999,96932714.0
2022-09-01,41.9945403,40.456683749999996,96932714.0
2022-09-02,40.59740265,41.7131025,96932714.0
2022-09-05,41.4919728,40.28581079999999,96932714.0
2022-09-06,40.557197249999994,41.411561999999996,96932714.0
2022-09-07,40.828583699999996,43.67311575,96932714.0
2022-09-08,43.62285899999999,42.3563889,96932714.0
2022-09-09,42.708186149999996,41.67289709999999,96932714.0
2022-09-13,42.20561865,42.16541325,96932714.0
2022-09-14,41.67289709999999,41.0296107,96932714.0
2022-09-15,41.09997015,38.486619149999996,96932714.0
2022-09-16,38.486619149999996,37.2100977,96932714.0
2022-09-19,37.159840949999996,37.069378799999996,96932714.0
2022-09-20,37.70261384999999,39.6224217,96932714.0
2022-09-21,39.61237034999999,38.44641375,96932714.0
2022-09-22,38.44641375,38.587132649999994,96932714.0
2022-09-23,38.948981249999996,36.71758155,96932714.0
2022-09-26,36.71758155,37.2503031,96932714.0
2022-09-27,37.843332749999995,38.0142057,96932714.0
2022-09-28,38.0142057,35.441060099999994,96932714.0
2022-09-29,36.13460325,36.09439784999999,96932714.0
2022-09-30,36.2250654,34.04392245,96932714.0
2022-10-10,34.86813314999999,32.97847935,96932714.0
2022-10-11,33.561457649999994,34.21479539999999,96932714.0
2022-10-12,34.76761965,36.93871125,96932714.0
2022-10-13,36.58691399999999,36.335630249999994,96932714.0
2022-10-14,36.8884545,37.49153549999999,96932714.0
2022-10-17,37.1497896,37.129686899999996,96932714.0
2022-10-18,38.677594799999994,38.124770549999994,96932714.0
2022-10-19,37.30055984999999,37.2100977,96932714.0
2022-10-20,36.948762599999995,36.486400499999995,96932714.0
2022-10-21,36.1044492,37.76292195,96932714.0
2022-10-24,38.19513,36.71758155,96932714.0
2022-10-25,36.18485999999999,37.46138145,96932714.0
2022-10-26,36.295424849999996,37.96394895,96932714.0
2022-10-27,37.96394895,38.4363624,96932714.0
2022-10-28,38.4162597,35.99388435,96932714.0
2022-10-31,36.0039357,35.57172765,96932714.0
2022-11-01,35.57172765,40.275759449999995,96932714.0
2022-11-02,40.275759449999995,41.5924863,96932714.0
2022-11-03,41.58243494999999,41.00950799999999,96932714.0
2022-11-04,41.21053499999999,44.45712104999999,96932714.0
2022-11-07,44.21588865,42.9192645,96932714.0
2022-11-08,42.959469899999995,42.10510514999999,96932714.0
2022-11-09,42.10510514999999,41.86387274999999,96932714.0
2022-11-10,41.80356465,40.25565674999999,96932714.0
2022-11-11,41.70305115,40.34611889999999,96932714.0
2022-11-14,40.35617024999999,39.5822163,96932714.0
2022-11-15,39.0796488,41.662845749999995,96932714.0
2022-11-16,41.361305249999994,40.36622159999999,96932714.0
2022-11-17,39.049494749999994,39.5822163,96932714.0
2022-11-18,39.39124064999999,38.04435975,96932714.0
2022-11-21,38.04435975,39.200264999999995,96932714.0
2022-11-22,38.888673149999995,37.46138145,97372214.0
2022-11-23,37.74281924999999,37.903640849999995,97372214.0
2022-11-24,38.68764615,38.124770549999994,97372214.0
2022-11-25,37.85338409999999,36.8884545,97372214.0
2022-11-28,36.18485999999999,36.918608549999995,97372214.0
2022-11-29,36.948762599999995,36.858300449999994,97372214.0
2022-11-30,36.99901935,37.722716549999994,97407214.0
2022-12-01,39.0796488,38.094616499999994,97407214.0
2022-12-02,38.10466784999999,38.04435975,97407214.0
2022-12-05,38.6976975,38.4363624,97422214.0
2022-12-06,37.96394895,38.054411099999996,97422214.0
2022-12-07,37.85338409999999,37.42117604999999,97425214.0
2022-12-08,37.793076,37.13973825,97425214.0
2022-12-09,37.069378799999996,36.365784299999994,98817904.0
2022-12-12,36.335630249999994,36.1044492,98817904.0
2022-12-13,36.40598969999999,34.978697999999994,98817904.0
2022-12-14,34.96864665,35.12946825,98817904.0
2022-12-15,35.48126549999999,37.3106112,98817904.0
2022-12-16,36.767838299999994,36.6874275,98817904.0
2022-12-19,36.6874275,38.18507865,98817904.0
2022-12-20,38.20518135,38.34590024999999,98817904.0
2022-12-21,37.94384624999999,36.6874275,98817904.0
2022-12-22,36.9085572,35.39080335,98817904.0
2022-12-23,35.039006099999995,36.395938349999994,98817904.0
2022-12-26,36.15470594999999,38.245386749999994,98817904.0
2022-12-27,38.396156999999995,38.617286699999994,98817904.0
2022-12-28,38.768056949999995,38.60723534999999,98817904.0
2022-12-29,38.426311049999995,37.48148414999999,98817904.0
2022-12-30,37.49153549999999,38.0343084,98817904.0
2023-01-03,37.95389759999999,38.44641375,98817904.0
2023-01-04,38.094616499999994,37.692562499999994,98817904.0
2023-01-05,37.592048999999996,38.81831369999999,98817904.0
2023-01-06,39.08970015,39.21031634999999,98817904.0
2023-01-09,39.481702799999994,39.351035249999995,98817904.0
2023-01-10,39.36108659999999,39.67267844999999,98817904.0
2023-01-11,39.501805499999996,38.546927249999996,98817904.0
2023-01-12,38.546927249999996,38.99923799999999,98817904.0
2023-01-13,39.009289349999996,39.33093255,98817904.0
2023-01-16,39.21031634999999,38.90877585,98817904.0
2023-01-17,38.8786218,38.96908395,98817904.0
2023-01-18,39.2203677,39.19021365,98817904.0
2023-01-19,39.049494749999994,38.637389399999996,98817904.0
2023-01-20,38.637389399999996,38.556978599999994,98817904.0
2023-01-30,39.230419049999995,40.13504054999999,98817904.0
2023-01-31,40.14509189999999,44.165631899999994,98817904.0
2023-02-01,44.225939999999994,45.46225604999999,98817904.0
2023-02-02,45.7537452,44.829021,98817904.0
2023-02-03,44.929534499999995,44.155580549999996,98817904.0
2023-02-06,45.04009935,45.16071554999999,98817904.0
2023-02-07,45.080304749999996,45.9346695,98817904.0
2023-02-08,45.2913831,46.23620999999999,98817904.0
2023-02-09,46.1557992,48.42740429999999,98817904.0
2023-02-10,48.69879075,47.331807149999996,98817904.0
2023-02-13,47.985144899999995,50.759317499999995,98799404.0
2023-02-14,50.6789067,50.58844454999999,98799404.0
2023-02-15,50.508033749999996,51.583528199999996,98799404.0
2023-02-16,51.49306604999999,47.28155039999999,98799404.0
2023-02-17,47.884631399999996,46.2965181,98799404.0
2023-02-20,46.05528569999999,46.52769915,98799404.0
2023-02-21,46.32667215,47.45242335,98799404.0
2023-02-22,47.241344999999995,46.7990856,98799404.0
2023-02-23,47.6232963,47.241344999999995,98799404.0
2023-02-24,46.839290999999996,45.733642499999995,98799404.0
2023-02-27,46.30656945,45.10040744999999,98799404.0
2023-02-28,45.120510149999994,45.71353979999999,98799404.0
2023-03-01,45.68338575,45.71353979999999,98799404.0
2023-03-02,45.613026299999994,43.43188334999999,98799404.0
2023-03-03,44.05506704999999,43.793731949999994,98799404.0
2023-03-06,43.974656249999995,43.914348149999995,98799404.0
2023-03-07,44.41691564999999,43.7836806,98799404.0
2023-03-08,43.7836806,43.210753649999994,98799404.0
2023-03-09,42.90921314999999,42.838853699999994,98799404.0
2023-03-10,42.838853699999994,41.12007284999999,98799404.0
2023-03-13,40.185297299999995,40.305913499999996,98799404.0
2023-03-14,40.2054,39.813397349999995,98799404.0
2023-03-15,40.10488649999999,40.124989199999995,98799404.0
2023-03-16,39.95411625,38.4363624,98799404.0
2023-03-17,38.44641375,38.7178002,98799404.0
2023-03-20,39.27062444999999,38.245386749999994,98799404.0
2023-03-21,38.4765678,39.82344869999999,98799404.0
2023-03-22,39.85360274999999,39.7229352,98799404.0
2023-03-23,39.632473049999994,39.1600596,98799404.0
2023-03-24,39.1600596,39.5822163,98799404.0
2023-03-27,39.783243299999995,40.29586215,98799404.0
2023-03-28,40.29586215,39.70283249999999,98799404.0
2023-03-29,40.004372999999994,41.61258899999999,98799404.0
2023-03-30,41.30099715,42.10510514999999,98799404.0
2023-03-31,42.11515649999999,42.22572134999999,98799404.0
2023-04-03,42.185515949999996,42.316183499999994,98799404.0
2023-04-04,41.9141295,40.0445784,98799404.0
2023-04-06,39.803346,38.95903259999999,98799404.0
2023-04-07,39.24047039999999,39.471651449999996,98799404.0
2023-04-10,39.25052174999999,39.5822163,98799404.0
2023-04-11,39.481702799999994,38.2353354,98799404.0
2023-04-12,38.38610564999999,38.31574619999999,98799404.0
2023-04-13,38.04435975,36.98896799999999,98799404.0
2023-04-14,37.0894815,37.471432799999995,98799404.0
2023-04-17,37.692562499999994,39.55206225,98799404.0
2023-04-18,39.55206225,39.049494749999994,98799404.0
2023-04-19,38.858519099999995,38.49667049999999,98799404.0
2023-04-20,38.486619149999996,37.501586849999995,98799404.0
2023-04-21,37.7729733,36.787941,98799404.0
2023-04-24,36.81809505,36.486400499999995,98799404.0
2023-04-25,36.86835179999999,35.51141954999999,98799404.0
2023-04-26,36.0642438,38.8987245,99157404.0
2023-04-27,38.56702994999999,40.004372999999994,99157404.0
2023-04-28,39.85360274999999,40.064681099999994,99157404.0
2023-05-04,40.25565674999999,40.677813449999995,99157404.0
2023-05-05,40.587351299999995,40.034527049999994,99157404.0
2023-05-08,40.65771075,40.65771075,99157404.0
2023-05-09,40.2054,39.29072715,99157404.0
2023-05-10,39.501805499999996,43.9042968,99157404.0
2023-05-11,44.125426499999996,44.718456149999994,99157404.0
2023-05-12,43.52234549999999,44.125426499999996,99157404.0
2023-05-15,44.45712104999999,45.613026299999994,99157404.0
2023-05-16,44.23599134999999,46.376928899999996,99157404.0
2023-05-17,44.9697399,44.286248099999995,99157404.0
2023-05-18,44.617942649999996,43.572602249999996,99157404.0
2023-05-19,43.52234549999999,42.617723999999995,99157404.0
2023-05-22,42.51721049999999,42.838853699999994,99157404.0
2023-05-23,42.647878049999996,41.9141295,99157404.0
2023-05-24,41.9342322,41.15022689999999,99157404.0
2023-05-25,41.200483649999995,41.944283549999994,99157404.0
2023-05-26,42.26592674999999,41.74325655,99157404.0
2023-05-29,41.813615999999996,41.451767399999994,99157404.0
2023-05-30,41.451767399999994,41.753307899999996,99157404.0
2023-05-31,41.753307899999996,40.436581049999994,99157404.0
2023-06-01,40.05462975,40.56724859999999,99157404.0
2023-06-02,40.56724859999999,40.898943149999994,99157404.0
2023-06-05,41.411561999999996,41.200483649999995,99157404.0
2023-06-06,41.1301242,39.7631406,99157404.0
2023-06-07,39.803346,39.15000825,99157404.0
2023-06-08,39.36108659999999,38.124770549999994,99157404.0
2023-06-09,38.366002949999995,38.77810829999999,99157404.0
2023-06-12,39.25052174999999,42.406645649999994,99157404.0
2023-06-13,42.01464299999999,42.53731319999999,99157404.0
2023-06-14,42.51721049999999,44.20583729999999,99157404.0
2023-06-15,44.31640215,45.77384789999999,99157404.0
2023-06-16,45.77384789999999,45.14061284999999,99157404.0
2023-06-19,45.331588499999995,44.91948314999999,99157404.0
2023-06-20,45.090356099999994,44.29629944999999,99157404.0
2023-06-21,44.597839949999994,43.00972665,99157404.0
2023-06-26,42.48705645,40.929097199999994,99157404.0
2023-06-27,41.0899188,41.16027825,99157404.0
2023-06-28,41.16027825,40.9089945,99157404.0
2023-06-29,40.798429649999996,41.793513299999994,99157404.0
2023-06-30,41.76335924999999,44.39681295,99157404.0
2023-07-03,45.733642499999995,45.0702534,99157404.0
2023-07-04,45.231075,47.392115249999996,100663629.0
2023-07-05,47.54288549999999,46.477442399999994,100663629.0
2023-07-06,48.879715049999994,47.15088284999999,100663629.0
2023-07-07,46.84934234999999,46.537750499999994,100663629.0
2023-07-10,46.748828849999995,46.537750499999994,100663629.0
2023-07-11,46.63826399999999,49.271717699999996,100663629.0
2023-07-12,49.241563649999996,49.04053664999999,100663629.0
2023-07-13,48.819406949999994,47.01016395,100663629.0
2023-07-14,46.24626134999999,45.90451545,100663629.0
2023-07-17,45.301434449999995,45.10040744999999,100663629.0
2023-07-18,45.231075,46.23620999999999,100663629.0
2023-07-19,45.81405329999999,45.38184524999999,100663629.0
2023-07-20,45.482358749999996,43.35147255,100663629.0
2023-07-21,43.663064399999996,42.275978099999996,100663629.0
2023-07-24,42.42674835,41.572383599999995,100663629.0
2023-07-25,42.01464299999999,43.823885999999995,101413629.0
2023-07-26,43.71332115,41.512075499999995,101413629.0
2023-07-27,47.241344999999995,44.44706969999999,101413629.0
2023-07-28,43.13034284999999,42.80869965,101413629.0
2023-07-31,43.642961699999994,44.27619674999999,101413629.0
2023-08-01,42.9192645,39.903859499999996,101413629.0
2023-08-02,40.929097199999994,40.10488649999999,101413629.0
2023-08-03,39.602318999999994,39.27062444999999,101413629.0
2023-08-04,39.31082985,39.6224217,101413629.0
2023-08-07,39.36108659999999,39.401292,101413629.0
2023-08-08,39.21031634999999,39.1600596,101413629.0
2023-08-09,39.109802849999994,38.396156999999995,101413629.0
2023-08-10,38.2956435,39.069597449999996,101413629.0
2023-08-11,39.230419049999995,38.828365049999995,101413629.0
2023-08-14,38.2956435,39.0595461,101413629.0
2023-08-15,39.0595461,39.39124064999999,101413629.0
2023-08-16,39.200264999999995,38.456465099999996,101413629.0
2023-08-17,38.154924599999994,39.02939204999999,101413629.0
2023-08-18,39.1600596,37.290508499999994,101413629.0
2023-08-21,37.4312274,36.83819774999999,101413629.0
2023-08-22,37.30055984999999,37.471432799999995,101413629.0
2023-08-23,37.189994999999996,36.5065032,101413629.0
2023-08-24,36.828146399999994,36.6874275,101413629.0
2023-08-25,36.576862649999995,35.621984399999995,101413629.0
2023-08-28,37.592048999999996,35.963730299999995,101413629.0
2023-08-29,36.37583564999999,38.546927249999996,101413629.0
2023-08-30,38.20518135,37.64230575,101413629.0
2023-08-31,37.49153549999999,37.8332814,101413629.0
2023-09-01,37.8332814,38.00415435,101413629.0
2023-09-04,38.2956435,38.094616499999994,101413629.0
2023-09-05,37.994102999999996,37.622203049999996,101413629.0
2023-09-06,37.52168954999999,37.46138145,101413629.0
2023-09-07,37.46138145,36.34568159999999,101413629.0
2023-09-08,36.35573295,36.18485999999999,101413629.0
2023-09-11,36.13460325,37.07943014999999,101413629.0
2023-09-12,37.0894815,37.74281924999999,101413629.0
2023-09-13,37.561894949999996,36.18485999999999,101413629.0
2023-09-14,35.772754649999996,35.250084449999996,101413629.0
2023-09-15,35.380752,35.61193305,101413629.0
2023-09-18,35.48126549999999,37.009070699999995,101788629.0
2023-09-19,36.737684249999994,35.98383299999999,101788629.0
2023-09-20,35.8632168,34.98874935,101788629.0
2023-09-21,35.008852049999994,34.92844125,101788629.0
2023-09-22,35.30034119999999,35.55162494999999,101788629.0
2023-09-25,35.55162494999999,35.73254924999999,101788629.0
2023-09-26,35.933576249999994,35.16967365,101788629.0
2023-09-27,35.219930399999996,34.9384926,101788629.0
2023-09-28,34.9585953,35.4611628,101964629.0
2023-10-09,35.8632168,36.47634915,101964629.0
2023-10-10,36.516554549999995,37.24025174999999,101964629.0
2023-10-11,36.5266059,36.787941,101964629.0
2023-10-12,36.8884545,37.7729733,101964629.0
2023-10-13,37.67245979999999,36.99901935,101964629.0
2023-10-16,37.05932744999999,37.471432799999995,101964629.0
2023-10-17,37.189994999999996,36.235116749999996,101964629.0
2023-10-18,35.99388435,35.963730299999995,101964629.0
2023-10-19,35.7023952,34.82792774999999,101964629.0
2023-10-20,34.64700344999999,34.1946927,101964629.0
2023-10-23,33.82279275,32.42565509999999,101964629.0
2023-10-24,32.5462713,32.67693884999999,101964629.0
2023-10-25,32.89806854999999,33.129249599999994,101964629.0
2023-10-26,33.10914689999999,33.893152199999996,101964629.0
2023-10-27,31.159184999999997,29.751996,101964629.0
2023-10-30,29.31978795,29.249428499999997,101964629.0
2023-10-31,29.15896635,28.978042049999996,101964629.0
2023-11-01,28.978042049999996,29.0685042,101964629.0
2023-11-02,29.420301449999997,28.787066399999997,101964629.0
2023-11-03,28.787066399999997,29.249428499999997,101964629.0
2023-11-06,29.249428499999997,29.872612199999995,101964629.0
2023-11-07,29.882663549999997,30.2746662,101964629.0
2023-11-08,30.284717549999996,30.16410135,101964629.0
2023-11-09,31.943190299999998,31.088825549999996,101964629.0
2023-11-10,31.913036249999998,33.521252249999996,101964629.0
2023-11-13,32.33519295,32.847811799999995,101964629.0
2023-11-14,32.48596319999999,32.104011899999996,101964629.0
2023-11-15,32.365347,32.576425349999994,101964629.0
2023-11-16,32.576425349999994,31.963292999999997,101964629.0
2023-11-17,31.661752499999995,32.5462713,101964629.0
2023-11-20,32.7472983,32.43570645,101964629.0
2023-11-21,32.24473079999999,31.812522749999996,101964629.0
2023-11-22,31.591393049999997,30.5963094,101964629.0
2023-11-23,30.747079649999996,31.591393049999997,101964629.0
2023-11-24,31.340109299999995,30.616412099999998,101964629.0
2023-11-27,30.726976949999997,31.340109299999995,101964629.0
2023-11-28,31.330057949999997,32.02360109999999,101964629.0
2023-11-29,33.0488388,32.536219949999996,101964629.0
2023-11-30,31.681855199999998,31.510982249999998,101964629.0
2023-12-01,31.661752499999995,30.968209349999995,101964629.0
2023-12-04,30.90790125,30.656617499999996,101964629.0
2023-12-05,30.747079649999996,29.782150049999995,101964629.0
2023-12-06,29.681636549999997,29.601225749999998,101964629.0
2023-12-07,29.450455499999997,29.249428499999997,101964629.0
2023-12-08,30.103793249999995,29.400198749999998,101964629.0
2023-12-11,29.450455499999997,29.701739249999996,101964629.0
2023-12-12,29.6112771,29.440404149999996,101964629.0
2023-12-13,29.349941999999995,29.108709599999997,101964629.0
2023-12-14,29.530866299999996,29.0886069,101964629.0
2023-12-15,29.098658249999996,28.545833999999996,102048629.0
2023-12-18,28.545833999999996,27.942752999999996,103880548.99999999
2023-12-19,27.99300975,27.771880049999996,103880548.99999999
2023-12-20,27.85229085,27.289415249999994,103880548.99999999
2023-12-21,27.0783369,27.601007099999997,103880548.99999999
2023-12-22,27.601007099999997,27.088388249999998,103880548.99999999
2023-12-25,27.168799049999997,27.178850399999995,103880548.99999999
2023-12-26,27.178850399999995,26.32448565,103880548.99999999
2023-12-27,26.334536999999997,26.585820749999996,103880548.99999999
2023-12-28,26.5757694,27.500493599999995,103880548.99999999
2023-12-29,27.500493599999995,27.30951795,103880548.99999999
2024-01-02,27.711571949999996,27.550750349999998,103880548.99999999
2024-01-03,27.249209849999996,26.877309899999997,103880548.99999999
2024-01-04,26.877309899999997,26.505409949999997,103880548.99999999
2024-01-05,26.515461299999995,25.68119925,103880548.99999999
2024-01-08,25.630942499999996,24.9072453,103880548.99999999
2024-01-09,24.856988549999997,24.716269649999997,103880548.99999999
2024-01-10,24.575550749999998,24.444883199999996,103880548.99999999
2024-01-11,24.535345349999997,24.736372349999996,103880548.99999999
2024-01-12,24.726321,25.027861499999997,103872549.0
2024-01-15,24.424780499999997,23.701083299999997,141292652.0
2024-01-16,23.701083299999997,23.118104999999996,141292652.0
2024-01-17,23.087950949999996,22.062713249999998,141292652.0
2024-01-18,22.143124049999997,22.253688899999997,141292652.0
2024-01-19,22.153175399999995,21.710915999999997,141292652.0
2024-01-22,21.62045385,20.3640351,141292652.0
2024-01-23,20.323829699999997,20.3640351,141292652.0
2024-01-24,20.394189149999995,20.092648649999997,141292652.0
2024-01-25,20.213264849999998,20.73593505,141292652.0
2024-01-26,20.806294499999996,20.11275135,141292652.0
2024-01-29,20.303727,19.46946495,141292652.0
2024-01-30,19.20812985,18.846281249999997,141292652.0
2024-01-31,18.2532516,17.750684099999997,141292652.0
2024-02-01,17.690376,17.539605749999996,141292652.0
2024-02-02,17.7908895,16.444008599999997,141292652.0
2024-02-05,16.283186999999998,13.961325149999999,141292652.0
2024-02-06,13.961325149999999,14.192506199999997,141292652.0
2024-02-07,14.413635899999997,13.37834685,141292652.0
2024-02-08,13.559271149999999,15.187589849999998,141292652.0
2024-02-19,15.278051999999997,15.89118435,141292652.0
2024-02-20,16.1424681,16.3837005,141292652.0
2024-02-21,16.1826735,16.996832849999997,141292652.0
2024-02-22,17.077243649999996,17.831094899999997,141292652.0
2024-02-23,17.921557049999997,18.62515155,141292652.0
2024-02-26,18.645254249999997,18.816127199999997,141292652.0
2024-02-27,18.966897449999998,19.781056799999998,141292652.0
2024-02-28,19.79110815,17.640119249999998,141292652.0
2024-02-29,17.25816795,18.695511,141292652.0
2024-03-01,18.896538,19.680543299999997,141292652.0
2024-03-04,19.489567649999998,19.198078499999998,141292652.0
2024-03-05,19.680543299999997,18.594997499999998,141292652.0
2024-03-06,18.725665049999996,18.645254249999997,141292652.0
2024-03-07,18.796024499999998,18.14268675,141292652.0
2024-03-08,18.172840799999996,18.16278945,141292652.0
2024-03-11,18.26330295,19.097565,141292652.0
2024-03-12,19.167924449999997,19.700646,141292652.0
2024-03-13,20.685678299999996,20.213264849999998,141292652.0
2024-03-14,20.1027,19.6403379,141292652.0
2024-03-15,19.630286549999997,20.263521599999997,141292652.0
2024-03-18,20.434394549999997,20.53490805,141292652.0
2024-03-19,20.504753999999995,20.555010749999997,141292652.0
2024-03-20,20.504753999999995,20.756037749999997,141292652.0
2024-03-21,20.947013399999996,20.947013399999996,141292652.0
2024-03-22,20.756037749999997,20.323829699999997,141292652.0
2024-03-25,20.012237849999998,19.077462299999997,141292652.0
2024-03-26,18.997051499999998,19.047308249999997,141292652.0
2024-03-27,19.047308249999997,17.881351649999996,141292652.0
2024-03-28,17.7908895,18.14268675,141292652.0
2024-03-29,19.057359599999998,18.524638049999997,141292652.0
2024-04-01,18.3738678,19.188027149999996,141292652.0
2024-04-02,19.188027149999996,18.8764353,141292652.0
2024-04-03,18.745767749999995,17.96176245,141292652.0
2024-04-08,17.94165975,16.7053437,141292652.0
2024-04-09,16.81590855,17.7104787,141292652.0
2024-04-10,17.660221949999997,16.986781499999996,141292652.0
2024-04-11,16.735497749999997,16.655086949999998,141292652.0
2024-04-12,16.745549099999998,16.1826735,141292652.0
2024-04-15,16.1826735,14.835792599999998,141292652.0
2024-04-16,14.695073699999998,13.4487063,141292652.0
2024-04-17,13.730144099999999,14.685022349999997,141292652.0
2024-04-18,14.674970999999998,14.413635899999997,141292652.0
2024-04-19,14.272916999999998,14.112095399999998,141292652.0
2024-04-22,13.931171099999998,13.931171099999998,141292652.0
2024-04-23,14.071889999999998,14.463892649999998,141292652.0
2024-04-24,14.584508849999999,14.996614199999998,141292652.0
2024-04-25,15.077024999999999,14.875998,141292652.0
2024-04-26,14.594560199999998,15.56954115,141292652.0
2024-04-29,15.529335749999998,16.5244194,141292652.0
2024-04-30,16.554573449999996,16.29323835,141292652.0
2024-05-06,16.37364915,16.47416265,141292652.0
2024-05-07,16.514368049999998,16.564624799999997,141292652.0
2024-05-08,16.5445221,16.072108649999997,141292652.0
2024-05-09,16.08216,16.554573449999996,141292652.0
2024-05-10,16.574676149999995,16.2630843,141292652.0
2024-05-13,16.08216,15.720311399999998,141292652.0
2024-05-14,15.760516799999998,15.710260049999999,141292652.0
2024-05-15,15.770568149999997,15.489130349999998,141292652.0
2024-05-16,15.509233049999999,15.670054649999997,141292652.0
2024-05-17,15.680105999999999,16.17262215,141292652.0
2024-05-20,16.1826735,16.0620573,141292652.0
2024-05-21,16.0419546,15.760516799999998,141292652.0
2024-05-22,15.810773549999999,16.232930249999995,141292652.0
2024-05-23,16.192724849999998,15.619797899999998,141292652.0
2024-05-24,15.519284399999998,15.328308749999998,141292652.0
2024-05-27,15.438873599999997,15.308206049999999,141292652.0
2024-05-28,15.378565499999999,15.489130349999998,141292652.0
2024-05-29,15.46902765,18.584946149999997,141292652.0
2024-05-30,19.32874605,20.2032135,141292652.0
2024-05-31,19.901673,19.3589001,141292652.0
2024-06-03,19.097565,17.991916499999995,141292652.0
2024-06-04,17.640119249999998,17.0671923,141292652.0
2024-06-05,16.8661653,16.232930249999995,141292652.0
2024-06-06,16.08216,14.775484499999997,141292652.0
2024-06-07,15.12728175,15.227795249999998,141292652.0
2024-06-11,15.026768249999998,15.509233049999999,141292652.0
2024-06-12,15.479078999999999,15.680105999999999,141292652.0
2024-06-13,16.5847275,16.27313565,141292652.0
2024-06-14,15.971595149999999,15.680105999999999,141292652.0
2024-06-17,15.680105999999999,15.700208699999997,141292652.0
2024-06-18,16.03190325,16.232930249999995,141292652.0
2024-06-19,16.242981599999997,16.5244194,141292652.0
2024-06-20,16.283186999999998,15.529335749999998,141292652.0
2024-06-21,15.308206049999999,15.227795249999998,141292652.0
2024-06-24,14.875998,14.383481849999999,141292652.0
2024-06-25,14.504098049999998,14.383481849999999,141292652.0
2024-06-26,14.3131224,14.936306099999998,141292652.0
2024-06-27,14.875998,14.423687249999999,141292652.0
2024-06-28,14.423687249999999,14.5342521,141292652.0
2024-07-01,14.504098049999998,14.765433149999998,141292652.0
2024-07-02,14.765433149999998,14.574457499999998,141292652.0
2024-07-03,14.483995349999999,14.303071049999998,141292652.0
2024-07-04,14.303071049999998,13.921119749999997,141292652.0
2024-07-05,14.001530549999998,14.152300799999999,141292652.0
2024-07-08,14.102044049999998,13.6497333,141292652.0
2024-07-09,13.669835999999998,13.901017049999998,141292652.0
2024-07-10,13.810554899999998,13.971376499999998,141292652.0
2024-07-11,14.182454849999997,14.514149399999997,141292652.0
2024-07-12,14.664919649999998,14.875998,141292652.0
2024-07-15,14.685022349999997,14.3131224,141292652.0
2024-07-16,14.262865649999998,14.3734305,141292652.0
2024-07-17,14.353327799999997,14.122146749999999,141292652.0
2024-07-18,13.9512738,13.901017049999998,141292652.0
2024-07-19,13.820606249999999,14.071889999999998,141292652.0
2024-07-22,14.172403499999998,14.112095399999998,141292652.0
2024-07-23,14.162352149999998,14.232711599999998,141292652.0
2024-07-24,14.051787299999999,13.790452199999999,141292652.0
2024-07-25,13.760298149999999,13.931171099999998,141292652.0
2024-07-26,13.931171099999998,14.242762949999998,141292652.0
2024-07-29,14.222660249999999,14.122146749999999,141292652.0
2024-07-30,14.091992699999999,14.222660249999999,141292652.0
2024-07-31,14.2126089,14.674970999999998,141292652.0
2024-08-01,14.755381799999999,14.674970999999998,141292652.0
2024-08-02,14.584508849999999,14.433738599999998,141292652.0
2024-08-05,14.182454849999997,13.830657599999999,141292652.0
2024-08-06,13.991479199999999,14.091992699999999,141292652.0
2024-08-07,14.091992699999999,14.172403499999998,141292652.0
2024-08-08,14.132198099999998,13.901017049999998,141292652.0
2024-08-09,13.9512738,13.830657599999999,141292652.0
2024-08-12,13.730144099999999,13.579373849999998,141292652.0
2024-08-13,13.931171099999998,13.770349499999998,141292652.0
2024-08-14,13.830657599999999,13.639681949999998,141292652.0
2024-08-15,13.740195449999998,13.770349499999998,141292652.0
2024-08-16,13.770349499999998,13.609527899999998,141292652.0
2024-08-19,13.820606249999999,13.589425199999997,141292652.0
2024-08-20,13.468808999999998,13.247679299999998,141292652.0
2024-08-21,13.247679299999998,13.398449549999999,141292652.0
2024-08-22,13.408500899999998,13.0265496,141297715.0
2024-08-23,12.926036099999997,13.0265496,141292652.0
2024-08-26,13.0466523,13.318038749999998,141292652.0
2024-08-27,13.177319849999998,12.986344199999998,141292652.0
2024-08-28,13.106960399999998,13.05670365,141292652.0
2024-08-29,12.664700999999999,12.875779349999998,141297715.0
2024-08-30,13.0466523,13.257730649999997,141297715.0
2024-09-02,13.418552249999998,12.986344199999998,141297715.0
2024-09-03,12.986344199999998,13.207473899999998,141297715.0
2024-09-04,13.187371199999998,13.458757649999999,141297715.0
2024-09-05,13.458757649999999,13.599476549999999,141297715.0
2024-09-06,13.730144099999999,13.137114449999999,141297715.0
2024-09-09,12.996395549999999,13.197422549999999,141297715.0
2024-09-10,13.187371199999998,14.152300799999999,141297715.0
2024-09-11,13.770349499999998,13.770349499999998,141297715.0
2024-09-12,13.669835999999998,13.810554899999998,141297715.0
2024-09-13,13.669835999999998,13.27783335,141297715.0
2024-09-18,13.227576599999999,13.106960399999998,141297715.0
2024-09-19,13.086857699999998,13.318038749999998,141297715.0
2024-09-20,13.27783335,13.760298149999999,141297715.0
2024-09-23,13.629630599999999,13.760298149999999,141297715.0
2024-09-24,13.921119749999997,13.98142785,141297715.0
2024-09-25,14.252814299999999,14.061838649999999,141297715.0
2024-09-26,14.051787299999999,14.584508849999999,141297715.0
2024-09-27,14.795587199999998,15.499181699999998,141297715.0
2024-09-30,16.27313565,17.720530049999997,141297715.0
2024-10-08,21.137989049999998,20.13285405,141297715.0
2024-10-09,19.10761635,17.59991385,141297715.0
2024-10-10,17.891403,17.770786799999996,141297715.0
2024-10-11,17.96176245,16.8460626,141297715.0
2024-10-14,16.946576099999998,17.167705799999997,141297715.0
2024-10-15,16.9063707,16.6048302,141297715.0
2024-10-16,16.413854549999996,16.15251945,141297715.0
2024-10-17,16.192724849999998,16.011800549999997,141297715.0
2024-10-18,16.08216,17.288321999999997,141297715.0
2024-10-21,17.288321999999997,17.418989549999996,141297715.0
2024-10-22,17.539605749999996,17.539605749999996,141297715.0
2024-10-23,17.5295544,17.690376,141297715.0
2024-10-24,17.690376,17.338578749999996,141297715.0
2024-10-25,17.49940035,17.94165975,141297715.0
2024-10-28,17.971813799999996,17.921557049999997,141297715.0
2024-10-29,17.94165975,17.3687328,141297715.0
2024-10-30,17.228013899999997,17.650170599999996,141297715.0
2024-10-31,17.609965199999998,17.7305814,141297715.0
2024-11-01,17.62001655,16.8661653,141297715.0
2024-11-04,17.077243649999996,17.7305814,141297715.0
2024-11-05,17.630067899999997,18.2331489,141297715.0
2024-11-06,18.1929435,17.901454349999998,141297715.0
2024-11-07,17.861248949999997,18.383919149999997,141297715.0
2024-11-08,18.997051499999998,19.167924449999997,141297715.0
2024-11-11,19.177975799999995,19.851416249999996,141297715.0
2024-11-12,19.781056799999998,19.34884875,141297715.0
2024-11-13,19.1176677,19.368951449999997,141297715.0
2024-11-14,19.479516299999997,18.8764353,141297715.0
2024-11-15,18.896538,18.273354299999998,141297715.0
2024-11-18,18.28340565,17.609965199999998,141297715.0
2024-11-19,17.690376,18.273354299999998,141297715.0
2024-11-20,18.1929435,18.474381299999997,141297715.0
2024-11-21,18.363816449999998,18.474381299999997,141297715.0
2024-11-22,18.6553056,17.5898625,141297715.0
2024-11-25,17.70042735,18.172840799999996,141297715.0
2024-11-26,18.474381299999997,17.8511976,141297715.0
2024-11-27,17.720530049999997,17.720530049999997,141297715.0
2024-11-28,17.670273299999998,17.49940035,141297715.0
2024-11-29,17.640119249999998,17.7908895,141297715.0
2024-12-02,17.7908895,18.0522246,141297715.0
2024-12-03,18.092429999999997,18.4542786,141297715.0
2024-12-04,18.323611049999997,18.46432995,141297715.0
2024-12-05,18.494483999999996,19.157873099999996,141297715.0
2024-12-06,19.137770399999997,18.8764353,141297715.0
2024-12-09,18.8764353,18.826178549999998,141297715.0
2024-12-10,19.459413599999998,18.745767749999995,141297715.0
2024-12-11,18.745767749999995,18.796024499999998,141297715.0
2024-12-12,18.755819099999997,18.6553056,141297715.0
2024-12-13,18.504535349999998,18.12258405,141297715.0
2024-12-16,18.14268675,17.9115057,141297715.0
2024-12-17,17.9316084,17.15765445,141297715.0
2024-12-18,17.207911199999998,17.27827065,141297715.0
2024-12-19,17.0068842,17.338578749999996,141297715.0
2024-12-20,17.549657099999997,17.5898625,141297715.0
2024-12-23,17.549657099999997,16.454059949999998,141297715.0
2024-12-24,16.5847275,16.59477885,141297715.0
2024-12-25,16.564624799999997,16.232930249999995,141297715.0
2024-12-26,16.232930249999995,16.63498425,141297715.0
2024-12-27,16.715395049999998,16.946576099999998,141297715.0
2024-12-30,16.886267999999998,16.564624799999997,141297715.0
2024-12-31,16.574676149999995,16.0017492,141297715.0
2025-01-02,16.0017492,15.46902765,141297715.0
2025-01-03,15.579592499999999,14.584508849999999,141297715.0
2025-01-06,14.54430345,14.5342521,141297715.0
2025-01-07,14.604611549999998,15.12728175,141297715.0
2025-01-08,15.117230399999997,14.956408799999998,141297715.0
2025-01-09,14.825741249999998,15.117230399999997,141297715.0
2025-01-10,15.026768249999998,14.614662899999997,141297715.0
2025-01-13,14.443789949999998,14.815689899999999,141297715.0
2025-01-14,15.066973649999998,15.639900599999999,141297715.0
2025-01-15,15.680105999999999,15.589643849999998,141297715.0
2025-01-16,15.820824899999998,15.499181699999998,141297715.0
2025-01-17,15.418770899999998,15.448924949999997,141297715.0
2025-01-20,15.700208699999997,15.56954115,141297715.0
2025-01-21,15.670054649999997,15.62984925,141297715.0
2025-01-22,15.62984925,15.388616849999998,141297715.0
2025-01-23,15.700208699999997,15.690157349999998,141297715.0
2025-01-24,15.670054649999997,16.08216,141297715.0
2025-01-27,16.1424681,15.850978949999998,141297715.0
2025-02-05,15.971595149999999,16.29323835,141297715.0
2025-02-06,16.29323835,18.26330295,141297715.0
2025-02-07,18.082378649999995,17.76073545,141297715.0
2025-02-10,17.7908895,17.991916499999995,141297715.0
2025-02-11,18.1125327,17.901454349999998,141297715.0
2025-02-12,17.871300299999998,18.14268675,141297715.0
2025-02-13,18.434175899999996,17.981865149999997,141297715.0
2025-02-14,17.9316084,18.16278945,141297715.0
2025-02-17,18.323611049999997,18.072327299999998,141297715.0
2025-02-18,18.202994849999996,17.70042735,141297715.0
2025-02-19,17.991916499999995,18.26330295,141297715.0
2025-02-20,18.293456999999997,18.48443265,141297715.0
2025-02-21,18.474381299999997,18.524638049999997,141297715.0
2025-02-24,18.534689399999998,18.5547921,141297715.0
2025-02-25,18.273354299999998,18.76587045,141297715.0
2025-02-26,18.796024499999998,18.9166407,141297715.0
2025-02-27,19.298591999999996,18.816127199999997,141297715.0
2025-02-28,18.856332599999998,17.7908895,141297715.0
2025-03-03,18.0120192,18.202994849999996,141297715.0
2025-03-04,18.293456999999997,18.78597315,141297715.0
2025-03-05,18.78597315,18.976948799999995,141297715.0
2025-03-06,19.308643349999997,20.263521599999997,141297715.0
2025-03-07,20.012237849999998,20.253470249999996,141297715.0
2025-03-10,20.3640351,20.233367549999997,141297715.0
2025-03-11,19.941878399999997,21.308861999999998,141297715.0
2025-03-12,22.112969999999997,22.886923949999996,141297715.0
2025-03-13,22.50497265,22.0727646,141297715.0
2025-03-14,22.48486995,23.188464449999998,141285215.0
2025-03-17,23.449799549999994,22.012456499999995,141297715.0
2025-03-18,23.791545449999997,22.4145105,141297715.0
2025-03-19,22.012456499999995,21.328964699999997,141297715.0
2025-03-20,21.489786299999995,21.399324149999998,141297715.0
2025-03-21,21.3892728,20.715832349999996,141297715.0
2025-03-24,21.077680949999998,20.002186499999997,141297715.0
2025-03-25,19.982083799999998,19.700646,141297715.0
2025-03-26,19.8815703,20.012237849999998,141297715.0
2025-03-27,20.072545949999995,19.660440599999998,141297715.0
2025-03-28,19.5800298,19.399105499999997,141297715.0
2025-03-31,19.3790028,19.2382839,141297715.0
2025-04-01,19.278489299999997,19.14782175,141297715.0
2025-04-02,19.389054149999996,19.278489299999997,141297715.0
2025-04-03,19.067410949999996,18.98700015,141297715.0
2025-04-07,17.70042735,15.187589849999998,141297715.0
2025-04-08,15.2378466,15.358462799999998,141297715.0
2025-04-09,14.695073699999998,15.911287049999999,141297715.0
2025-04-10,16.393751849999997,16.49426535,141297715.0
2025-04-11,16.444008599999997,16.645035599999996,141297715.0
2025-04-14,16.986781499999996,17.197859849999997,141297715.0
2025-04-15,17.398886849999997,16.9063707,141297715.0
2025-04-16,16.745549099999998,16.5847275,141297715.0
2025-04-17,16.5847275,16.514368049999998,141297715.0
2025-04-18,16.514368049999998,16.5847275,141297715.0
2025-04-21,16.59477885,16.986781499999996,141297715.0
2025-04-22,17.0671923,17.0269869,141297715.0
2025-04-23,17.1878085,17.62001655,141297715.0
2025-04-24,17.690376,17.3687328,141297715.0
2025-04-25,17.3687328,17.27827065,141297715.0
2025-04-28,17.1878085,17.770786799999996,141297715.0
2025-04-29,16.192724849999998,15.911287049999999,141285215.0
2025-04-30,15.941441099999997,16.685241,141285215.0
2025-05-06,17.0671923,17.55970845,141285215.0
2025-05-07,17.9115057,17.439092249999998,141285215.0
2025-05-08,17.49940035,17.78083815,141285215.0
2025-05-09,17.7908895,17.2481166,141285215.0
2025-05-12,17.45919495,17.429040899999997,141285215.0
2025-05-13,17.78083815,17.177757149999998,141285215.0
2025-05-14,17.1878085,16.95662745,141285215.0
2025-05-15,16.896319349999995,16.75560045,141285215.0
2025-05-16,16.8058572,17.2481166,141285215.0
2025-05-19,17.2481166,17.418989549999996,141285215.0
2025-05-20,17.429040899999997,17.49940035,141285215.0
2025-05-21,17.5094517,17.439092249999998,141285215.0
2025-05-22,17.891403,18.594997499999998,141285215.0
2025-05-23,18.072327299999998,19.097565,141285215.0
2025-05-26,18.7156137,18.584946149999997,141285215.0
2025-05-27,18.584946149999997,18.60504885,141285215.0
2025-05-28,18.695511,18.02207055,141285215.0
2025-05-29,17.951711099999997,18.042173249999998,141285215.0
2025-05-30,17.971813799999996,17.228013899999997,141285215.0
2025-06-03,17.207911199999998,17.2481166,141285215.0
2025-06-04,17.147603099999998,17.549657099999997,141285215.0
2025-06-05,17.609965199999998,17.49940035,141285215.0
2025-06-06,17.5094517,17.3687328,141285215.0
2025-06-09,17.408938199999998,17.539605749999996,141285215.0
2025-06-10,17.4692463,17.13755175,141285215.0
2025-06-11,18.76587045,20.5650621,141285215.0
2025-06-12,21.137989049999998,21.49983765,141285215.0
2025-06-13,20.323829699999997,19.65038925,141285215.0
2025-06-16,19.5599271,19.479516299999997,141285215.0
2025-06-17,19.4192082,19.429259549999998,141285215.0
2025-06-18,19.258386599999998,19.0171542,141285215.0
2025-06-19,18.896538,18.504535349999998,141285215.0
2025-06-20,18.46432995,17.7908895,141285215.0
2025-06-23,17.609965199999998,18.3537651,141285215.0
2025-06-24,18.54474075,19.298591999999996,141285215.0
2025-06-25,19.26843795,19.20812985,141285215.0
2025-06-26,19.097565,19.067410949999996,141285215.0
2025-06-27,19.5800298,19.077462299999997,141285215.0
2025-06-30,19.188027149999996,19.188027149999996,141285215.0
2025-07-01,19.188027149999996,19.12771905,141285215.0
2025-07-02,19.14782175,19.248335249999997,141285215.0
2025-07-03,19.34884875,19.198078499999998,141285215.0
2025-07-04,19.10761635,18.76587045,141285215.0
2025-07-07,18.8764353,19.057359599999998,141285215.0
2025-07-08,19.067410949999996,19.4393109,141285215.0
2025-07-09,19.4393109,19.177975799999995,141285215.0
2025-07-10,19.097565,19.258386599999998,141285215.0
2025-07-11,19.2181812,19.288540649999998,141285215.0
2025-07-14,19.278489299999997,19.368951449999997,141285215.0
2025-07-15,19.298591999999996,19.660440599999998,141285215.0
2025-07-16,19.660440599999998,20.27357295,141285215.0
2025-07-17,20.032340549999997,20.092648649999997,141285215.0
2025-07-18,20.2032135,20.012237849999998,141285215.0
2025-07-21,19.99213515,20.384137799999998,141285215.0
2025-07-22,20.303727,19.87151895,141285215.0
2025-07-23,19.831313549999997,19.569978449999997,141285215.0
2025-07-24,19.499618999999996,19.750902749999998,141285215.0
2025-07-25,19.801159499999997,19.931827049999995,141285215.0
2025-07-28,19.931827049999995,20.13285405,141285215.0
2025-07-29,20.0825973,20.1027,141285215.0
2025-07-30,20.092648649999997,19.61018385,141285215.0
2025-07-31,19.479516299999997,19.409156849999995,141285215.0
